 MINIMUM DISTANCE BETWEEN 127-133
 570000 2.43888617
 575000 2.29683049
 580000 2.79620233
 585000 2.50219794
 590000 2.86631424
 595000 2.62650167
 600000 2.79345496
 605000 2.08085257
 610000 2.89185272
 615000 2.73290819
 620000 2.50849445
 625000 2.89510317
 630000 2.17782109
 635000 2.96673355
 640000 2.55300941
 645000 2.26535362
 650000 2.74993395
 655000 2.48668723
 660000 2.24303044
 665000 2.33422398
 670000 3.00715181
 675000 2.63499732
 680000 2.60456451
 685000 2.46162894
 690000 2.45841441
 695000 2.23835375
 700000 2.58064982
 705000 2.27098231
 710000 2.69974323
 715000 2.38535279
 720000 2.29676138
 725000 2.47749018
 730000 2.44735978
 735000 2.84162121
 740000 2.24543458
 745000 2.5782012
 750000 2.3973017
 755000 2.68873708
 760000 3.36785269
 765000 3.67568062
 770000 2.42517834
 775000 2.73723024
 780000 4.14203287
 785000 2.2060605
 790000 2.47177386
 795000 2.06751532
 800000 2.7359348
 805000 2.67671065
 810000 2.88768188
 815000 3.45736928
 820000 3.06828482
 825000 2.95241224
 830000 2.73500081
 835000 2.49787571
 840000 2.79411818
 845000 2.39870396
 850000 3.00631344
 855000 2.94425448
 860000 3.29257959
 865000 2.52180092
 870000 3.00052263
 875000 3.65343351
 880000 3.42169728
 885000 3.42813505
 890000 3.470373
 895000 3.05868955
 900000 2.96003554
 905000 3.04751568
 910000 3.2851537
 915000 2.45779328
 920000 2.61572787
 925000 2.16513204
 930000 2.74585796
 935000 2.93760389
 940000 2.1892751
 945000 2.47052332
 950000 2.48202205
 955000 2.02916891
 960000 2.46294167
 965000 2.3873008
 970000 2.90243357
 975000 2.5948638
 980000 2.45835386
 985000 2.11093287
 990000 2.28169305
 995000 2.47294176
 1000000 2.32777582
 1005000 2.42679738
 1010000 2.19529926
 1015000 2.28870522
 1020000 2.70883737
 1025000 2.50579943
 1030000 2.21514372
 1035000 2.30714588
 1040000 2.57802328
 1045000 2.18779874
 1050000 2.36915123
 1055000 2.43920865
 1060000 2.41167663
 1065000 3.29778071
 1070000 3.26539837
 1075000 3.37836619
 1080000 2.5496832
 1085000 3.07982245
 1090000 2.93798037
 1095000 3.24088148
 1100000 2.55137194
 1105000 3.48904686
 1110000 3.67274198
 1115000 3.88801123
 1120000 3.76331953
 1125000 4.81912073
 1130000 4.64119274
 1135000 4.36313066
 1140000 4.77161428
 1145000 4.29542737
 1150000 3.35209408
 1155000 3.62272581
 1160000 3.81883184
 1165000 3.75234071
 1170000 3.22870645
 1175000 2.67933898
 1180000 2.92663415
 1185000 2.52334566
 1190000 2.65184552
 1195000 2.78069042
 1200000 3.38188499
 1205000 2.58143113
 1210000 2.4875548
 1215000 2.27656393
 1220000 2.06402198
 1225000 2.72017832
 1230000 2.14832839
 1235000 3.12214438
 1240000 2.93861707
 1245000 2.62642105
 1250000 2.36922413
 1255000 3.42739492
 1260000 2.97251816
 1265000 2.58922698
 1270000 2.6322375
 1275000 2.99959354
 1280000 2.1083679
 1285000 2.88169003
 1290000 2.0720056
 1295000 2.18890457
 1300000 2.33316252
 1305000 2.20175936
 1310000 2.09260879
 1315000 2.33285846
 1320000 2.75177823
 1325000 2.44575422
 1330000 2.47358997
 1335000 2.61046508
 1340000 2.55470578
 1345000 2.42588874
 1350000 2.57280582
 1355000 2.36083182
 1360000 2.37441958
 1365000 2.82396465
 1370000 2.62173034
 1375000 2.96796013
 1380000 2.67075583
 1385000 2.80121785
 1390000 2.93350001
 1395000 2.76267553
 1400000 2.58409279
 1405000 2.34262314
 1410000 2.33278854
 1415000 2.53949541
 1420000 2.73591777
 1425000 3.36436529
 1430000 2.88412772
 1435000 2.98037995
 1440000 2.53564753
 1445000 2.77653076
 1450000 3.62998547
 1455000 3.39746446
 1460000 2.87491389
 1465000 2.15693649
 1470000 2.67445373
 1475000 2.62843557
 1480000 2.37014648
 1485000 2.50497733
 1490000 2.31740793
 1495000 3.17515652
 1500000 2.78791036
 1505000 3.02309925
 1510000 2.69237825
 1515000 2.32920319
 1520000 2.37895949
 1525000 2.82621177
 1530000 2.03627347
 1535000 2.41987346
 1540000 2.25896089
 1545000 2.21167821
 1550000 2.9175748
 1555000 2.52998633
 1560000 2.65638928
 1565000 2.7443456
 1570000 2.22545181
 1575000 2.19417677
 1580000 2.18733313
 1585000 2.37013369
 1590000 2.50702966
 1595000 2.34874276
 1600000 2.71545002
 1605000 2.593779
 1610000 2.70418054
 1615000 2.34079778
 1620000 2.73474875
 1625000 2.72676564
 1630000 2.59956856
 1635000 3.82806146
 1640000 4.50695773
 1645000 4.40789576
 1650000 5.14507009
 1655000 4.9562655
 1660000 4.60142934
 1665000 4.44090656
 1670000 4.31890455
 1675000 4.51745989
 1680000 4.75267639
 1685000 3.50917495
 1690000 3.31936178
 1695000 3.12319885
 1700000 2.86154347
 1705000 3.36278754
 1710000 3.824574
 1715000 4.5056219
 1720000 4.02659327
 1725000 4.3345186
 1730000 2.88885673
 1735000 2.86406118
 1740000 2.80587009
 1745000 4.60567217
 1750000 3.75125012
 1755000 2.68103151
 1760000 4.5182515
 1765000 4.06283589
 1770000 4.23429789
 1775000 4.47588987
 1780000 4.87724961
 1785000 3.85802543
 1790000 3.33839565
 1795000 4.80811517
 1800000 4.04538404
 1805000 3.30777739
 1810000 3.81608548
 1815000 4.28584425
 1820000 3.89964373
 1825000 4.73345179
 1830000 4.18546545
 1835000 4.01700292
 1840000 4.79709569
 1845000 5.09671766
 1850000 3.75712698
 1855000 4.255576
 1860000 5.11340608
 1865000 3.31614232
 1870000 3.69839518
 1875000 2.27182699
 1880000 3.91555749
 1885000 3.12946444
 1890000 5.55334472
 1895000 3.48936456
 1900000 4.46562733
 1905000 3.86701084
 1910000 4.30339371
 1915000 2.84465455
 1920000 4.15596808
 1925000 4.34847958
 1930000 3.9707659
 1935000 3.52552035
 1940000 3.10109599
 1945000 3.17920362
 1950000 4.65654206
 1955000 3.38194108
 1960000 3.29864116
 1965000 3.76281219
 1970000 3.6738167
 1975000 4.5583115
 1980000 3.16281508
 1985000 3.76750606
 1990000 4.13369728
 1995000 4.01247476
 2000000 3.89623315
 2005000 3.33963741
 2010000 3.78855035
 2015000 3.03268489
 2020000 3.48366616
 2025000 4.30925955
 2030000 4.88340627
 2035000 4.51901215
 2040000 4.28907599
 2045000 3.35566767
 2050000 2.07245842
 2055000 3.49087218
 2060000 4.39124374
 2065000 4.87608826
 2070000 4.78313173
 2075000 4.71477671
 2080000 3.35927682
 2085000 3.47532857
 2090000 3.17501741
 2095000 4.21746918
 2100000 5.13233693
 2105000 4.78850368
 2110000 5.34417449
 2115000 4.96356247
 2120000 3.46571392
 2125000 4.139428
 2130000 3.40511393
 2135000 3.80872895
 2140000 4.27203204
 2145000 4.057064
 2150000 4.27520539
 2155000 4.46336658
 2160000 4.33094983
 2165000 4.42917206
 2170000 4.26896612
 2175000 4.04941178
 2180000 4.54185002
 2185000 3.79170321
 2190000 4.91918331
 2195000 5.20621922
 2200000 5.08359518
 2205000 4.69006
 2210000 4.77754108
 2215000 5.34648118
 2220000 4.73275172
 2225000 5.24960669
 2230000 3.70450987
 2235000 3.29340678
 2240000 2.87605184
 2245000 5.08529049
 2250000 3.1890094
 2255000 3.21921455
 2260000 3.79337464
 2265000 3.23711396
 2270000 5.27418784
 2275000 4.43614407
 2280000 4.60527178
 2285000 3.78690666
 2290000 4.05327539
 2295000 3.76044701
 2300000 2.86547553
 2305000 3.35738285
 2310000 2.45675177
 2315000 3.42929091
 2320000 4.60706094
 2325000 4.49473275
 2330000 4.88081499
 2335000 5.14312661
 2340000 2.43291449
 2345000 3.87955929
 2350000 4.24992167
 2355000 2.76929099
 2360000 2.27785106
 2365000 3.33594752
 2370000 2.7211445
 2375000 3.31902951
 2380000 2.10490795
 2385000 2.78722242
 2390000 2.43310372
 2395000 3.24381744
 2400000 4.73402895
 2405000 5.30273282
 2410000 3.227519
 2415000 5.14353667
 2420000 4.85365727
 2425000 3.08805622
 2430000 3.92977635
 2435000 5.00616824
 2440000 4.46147033
 2445000 5.34229707
 2450000 4.84402708
 2455000 4.14698263
 2460000 3.65026016
 2465000 4.28490954
 2470000 4.71631186
 2475000 4.19856876
 2480000 2.91301725
 2485000 2.43368704
 2490000 2.80295596
 2495000 2.67760923
 2500000 2.59671067
 2505000 2.59016646
 2510000 2.27823688
 2515000 2.14915543
 2520000 2.23845886
 2525000 2.24769291
 2530000 2.48072081
 2535000 2.20409694
 2540000 2.29105659
 2545000 2.6386047
 2550000 2.98527059
 2555000 2.32700522
 2560000 3.08071005
 2565000 2.96895247
 2570000 3.86117589
 2575000 2.52155021
 2580000 2.21798426
 2585000 2.21381515
 2590000 2.18510449
 2595000 2.35825229
 2600000 2.66363001
 2605000 2.37969848
 2610000 3.50807908
 2615000 2.76178025
 2620000 3.02198257
 2625000 2.39419784
 2630000 3.18497755
 2635000 3.96782182
 2640000 4.58619344
 2645000 2.91751816
 2650000 4.26496435
 2655000 3.50832727
 2660000 4.00764882
 2665000 3.56939378
 2670000 3.36143887
 2675000 2.37241657
 2680000 3.08710546
 2685000 3.19976948
 2690000 2.90546997
 2695000 2.42696237
 2700000 2.42412333
 2705000 2.45392054
 2710000 2.2176833
 2715000 2.34902062
 2720000 2.27447689
 2725000 2.1521306
 2730000 2.43500123
 2735000 2.51601478
 2740000 2.4143807
 2745000 2.80868808
 2750000 2.22939866
 2755000 2.44868854
 2760000 2.59438426
 2765000 2.46246624
 2770000 2.23874332
 2775000 2.75861091
 2780000 2.3881973
 2785000 2.46556903
 2790000 2.47747464
 2795000 2.69951411
 2800000 2.84939161
 2805000 2.91275368
 2810000 2.53386285
 2815000 2.95129937
 2820000 2.45366954
 2825000 2.33316002
 2830000 2.65201557
 2835000 2.50269068
 2840000 2.79925005
 2845000 2.68711868
 2850000 1.99084438
 2855000 1.79660627
 2860000 2.78432504
 2865000 2.39113016
 2870000 2.1538187
 2875000 2.41788947
 2880000 2.45486798
 2885000 2.02397074
 2890000 3.09066284
 2895000 2.47957506
 2900000 2.53142055
 2905000 2.5776184
 2910000 2.2237888
 2915000 2.4634088
 2920000 2.55335474
 2925000 2.21970722
 2930000 2.28407594
 2935000 2.34699324
 2940000 2.82318292
 2945000 2.40843094
 2950000 2.63659496
 2955000 2.62725814
 2960000 2.02656687
 2965000 2.94961525
 2970000 3.29690323
 2975000 2.95422967
 2980000 2.58270045
 2985000 2.28692228
 2990000 2.26222954
 2995000 2.54933157
 3000000 2.12807933
 3005000 2.46072718
 3010000 2.57827049
 3015000 2.04597057
 3020000 2.69902385
 3025000 2.5327713
 3030000 3.00159128
 3035000 2.68903967
 3040000 2.2553159
 3045000 2.72476063
 3050000 2.09408203
 3055000 2.28783083
 3060000 2.3883718
 3065000 2.51291262
 3070000 2.16708856
 3075000 2.80071431
 3080000 2.35642544
 3085000 2.4959783
 3090000 2.87659408
 3095000 2.94446082
 3100000 2.73524688
 3105000 2.79731124
 3110000 2.59392319
 3115000 2.20769676
 3120000 2.198643
 3125000 2.3056674
 3130000 2.38159313
 3135000 2.15596863
 3140000 2.05585263
 3145000 2.32242803
 3150000 2.66492558
 3155000 2.58241156
 3160000 2.66934987
 3165000 2.40537459
 3170000 2.17029402
 3175000 2.40235422
 3180000 2.3689652
 3185000 2.72195956
 3190000 1.84478885
 3195000 2.49840328
 3200000 2.7443376
 3205000 1.9227091
 3210000 2.7953079
 3215000 2.94944017
 3220000 2.60324311
 3225000 2.3790638
 3230000 2.58822157
 3235000 2.88894181
 3240000 2.52846712
 3245000 2.30502925
 3250000 2.50095977
 3255000 2.62933206
 3260000 1.9729844
 3265000 2.92551287
 3270000 2.60718137
 3275000 2.52970897
 3280000 2.85372842
 3285000 2.12140478
 3290000 2.43798398
 3295000 3.26640431
 3300000 2.08948179
 3305000 2.10171046
 3310000 2.35705749
 3315000 2.31533119
 3320000 2.41476023
 3325000 2.30054457
 3330000 2.50429507
 3335000 2.37917753
 3340000 2.42662443
 3345000 2.12355289
 3350000 2.16235386
 3355000 2.20460464
 3360000 2.5270371
 3365000 2.82792943
 3370000 2.37043697
 3375000 2.55644821
 3380000 2.20588186
 3385000 2.76725876
 3390000 2.78535565
 3395000 2.57398312
 3400000 2.393205
 3405000 2.92754164
 3410000 2.22769556
 3415000 2.89440508
 3420000 2.92921532
 3425000 2.24726972
 3430000 2.26254333
 3435000 2.37364905
 3440000 2.28540102
 3445000 2.43918628
 3450000 2.32431966
 3455000 2.32902478
 3460000 2.68718581
 3465000 2.28467991
 3470000 2.29563494
 3475000 2.32721334
 3480000 2.05108057
 3485000 2.25896399
 3490000 2.01605756
 3495000 2.44320506
 3500000 2.62034351
 3505000 2.73515842
 3510000 2.46371997
 3515000 2.62124088
 3520000 2.15085802
 3525000 2.19547664
 3530000 2.35308934
 3535000 2.55169978
 3540000 2.86321877
 3545000 2.26295931
 3550000 2.15899293
 3555000 2.96924965
 3560000 2.37718271
 3565000 2.30233043
 3570000 2.53834881
 3575000 2.32017562
 3580000 2.49638896
 3585000 2.43030786
 3590000 2.31889603
 3595000 2.17511074
 3600000 2.23709783
 3605000 1.87401623
 3610000 2.07754938
 3615000 1.93072077
 3620000 2.4661631
 3625000 2.40873376
 3630000 2.26853154
 3635000 2.27820603
 3640000 2.38633949
 3645000 2.47125466
 3650000 2.37410345
 3655000 2.4034157
 3660000 2.37711912
 3665000 2.61714524
 3670000 2.23023214
 3675000 2.3390534
 3680000 2.10123963
 3685000 2.154189
 3690000 2.66952469
 3695000 2.36305287
 3700000 2.73168808
 3705000 2.50417627
 3710000 2.69384452
 3715000 2.3853196
 3720000 2.49602066
 3725000 2.34189822
 3730000 2.23783092
 3735000 2.85904504
 3740000 2.5593431
 3745000 2.29290786
 3750000 2.30326865
 3755000 2.54565976
 3760000 2.72850053
 3765000 2.49839308
 3770000 3.10791686
 3775000 2.26801932
 3780000 2.90861849
 3785000 2.01883383
 3790000 2.4319395
 3795000 2.07149219
 3800000 2.36256598
 3805000 3.22045173
 3810000 2.68154525
 3815000 2.8248788
 3820000 2.29415759
 3825000 2.19220509
 3830000 2.43529315
 3835000 2.76342462
 3840000 2.4795304
 3845000 2.43523503
 3850000 2.67744926
 3855000 2.35802481
 3860000 2.16436733
 3865000 2.33416974
 3870000 2.45702027
 3875000 2.32645715
 3880000 2.0912914
 3885000 2.67815384
 3890000 2.57897937
 3895000 2.58892528
 3900000 2.72419542
 3905000 2.60179379
 3910000 2.29657408
 3915000 2.3605923
 3920000 2.40431444
 3925000 2.8481387
 3930000 2.11595204
 3935000 2.38759061
 3940000 2.77128627
 3945000 2.06862051
 3950000 1.86379413
 3955000 2.05896019
 3960000 2.230179
 3965000 3.34287988
 3970000 2.10880381
 3975000 2.12007771
 3980000 3.03124655
 3985000 2.40209164
 3990000 2.02437754
 3995000 2.56123822
 4000000 3.09933627
 4005000 1.92160968
 4010000 1.9328643
 4015000 3.01141013
 4020000 1.74035556
 4025000 2.68565137
 4030000 2.75107238
 4035000 1.83617334
 4040000 2.40500659
 4045000 2.42711071
 4050000 2.42763592
 4055000 1.93358617
 4060000 1.68474042
 4065000 2.23136835
 4070000 3.2605493
 4075000 2.45194622
 4080000 3.03830909
 4085000 2.56106907
 4090000 2.25928018
 4095000 2.18233365
 4100000 2.42572551
 4105000 2.61155736
 4110000 2.64072994
 4115000 2.28757602
 4120000 2.5012522
 4125000 2.41286301
 4130000 2.74785022
 4135000 2.20427671
 4140000 2.18296143
 4145000 2.39119863
 4150000 2.07769036
 4155000 2.15911282
 4160000 2.58218578
 4165000 2.13158942
 4170000 2.884736
 4175000 3.01319092
 4180000 2.61330731
 4185000 2.48115928
 4190000 2.72266799
 4195000 3.01065106
 4200000 3.25334991
 4205000 2.67865088
 4210000 2.52763612
 4215000 2.63487609
 4220000 2.49364077
 4225000 2.27106805
 4230000 2.35903449
 4235000 2.53819883
 4240000 2.92443963
 4245000 2.87307519
 4250000 2.42894372
 4255000 2.17559398
 4260000 2.33703564
 4265000 2.80938293
 4270000 2.22943817
 4275000 2.184348
 4280000 2.46884146
 4285000 2.46648565
 4290000 2.58718897
 4295000 2.96436854
 4300000 2.5675128
 4305000 3.10103676
 4310000 3.26859454
 4315000 2.37534707
 4320000 2.844544
 4325000 2.30077552
 4330000 2.30911011
 4335000 2.42641831
 4340000 2.32916942
 4345000 2.59327644
 4350000 2.72612549
 4355000 2.72826565
 4360000 2.38816642
 4365000 2.64856954
 4370000 3.18203698
 4375000 2.76210901
 4380000 3.03657023
 4385000 4.22144135
 4390000 2.94772339
 4395000 2.96136941
 4400000 2.63542436
 4405000 2.86392238
 4410000 2.06239238
 4415000 2.50159969
 4420000 2.31721294
 4425000 2.56651271
 4430000 2.5492286
 4435000 2.83469538
 4440000 2.59156394
 4445000 3.14450074
 4450000 3.49446974
 4455000 2.367469
 4460000 3.72290141
 4465000 2.34605559
 4470000 2.4487368
 4475000 2.5291959
 4480000 2.66025911
 4485000 2.42580579
 4490000 3.63440901
 4495000 2.15526274
 4500000 2.18459571
 4505000 2.2173014
 4510000 2.30876895
 4515000 2.08735622
 4520000 2.78306013
 4525000 2.67155568
 4530000 2.12720408
 4535000 2.15213268
 4540000 2.24365712
 4545000 2.37332518
 4550000 2.15671447
 4555000 2.29029383
 4560000 2.49156245
 4565000 2.19287505
 4570000 2.10595306
 4575000 2.41934533
 4580000 2.63439548
 4585000 2.60126338
 4590000 2.42716743
 4595000 2.33156638
 4600000 2.91248604
 4605000 2.67757715
 4610000 2.45128529
 4615000 2.66920469
 4620000 2.34600203
 4625000 2.26167319
 4630000 2.63950508
 4635000 2.43018912
 4640000 2.81397757
 4645000 2.5368223
 4650000 2.62850085
 4655000 2.38406953
 4660000 2.38325102
 4665000 2.18885422
 4670000 2.49396761
 4675000 2.15101016
 4680000 2.85280238
 4685000 2.35504783
 4690000 2.50040083
 4695000 2.71611515
 4700000 2.83400141
 4705000 2.14129883
 4710000 2.86817413
 4715000 2.35973696
 4720000 2.21347618
 4725000 2.8305726
 4730000 2.40483713
 4735000 2.38417422
 4740000 2.14313518
 4745000 2.52645333
 4750000 2.11504592
 4755000 2.14554784
 4760000 2.23494722
 4765000 3.01864933
 4770000 2.4701541
 4775000 2.50807059
 4780000 2.66359594
 4785000 2.15293997
 4790000 2.53591609
 4795000 2.85473056
 4800000 2.58822843
 4805000 2.87846318
 4810000 2.22617343
 4815000 2.1482828
 4820000 2.79668863
 4825000 2.5023338
 4830000 1.83852301
 4835000 2.80048312
 4840000 2.71739219
 4845000 2.36824867
 4850000 2.44090466
 4855000 1.80034524
 4860000 1.98407906
 4865000 2.13103225
 4870000 2.46392628
 4875000 2.49249127
 4880000 1.89530811
 4885000 2.08334342
 4890000 2.69669097
 4895000 2.00328815
 4900000 2.46327995
 4905000 2.24837671
 4910000 1.93600828
 4915000 2.71024026
 4920000 2.17003429
 4925000 2.25994766
 4930000 2.7320136
 4935000 2.44149481
 4940000 2.34088307
 4945000 2.5560705
 4950000 2.27262693
 4955000 2.50279663
 4960000 2.38792393
 4965000 2.71707033
 4970000 2.13301703
 4975000 2.7076412
 4980000 2.24409064
 4985000 3.02229762
 4990000 2.43041866
 4995000 2.10367103
 5000000 1.98261825
 5005000 2.16924759
 5010000 2.29431908
 5015000 2.40730227
 5020000 2.06356461
 5025000 2.16086352
 5030000 2.00417149
 5035000 2.2593536
 5040000 2.22912376
 5045000 2.37303273
 5050000 2.00197728
 5055000 2.03499345
 5060000 2.07242765
 5065000 2.08841608
 5070000 2.22294169
 5075000 2.87889685
 5080000 2.06014691
 5085000 2.39840629
 5090000 2.25662169
 5095000 2.32665238
 5100000 1.96769901
 5105000 2.68549746
 5110000 2.46679359
 5115000 2.49150257
 5120000 2.68897611
 5125000 2.4800406
 5130000 1.99164573
 5135000 2.33046123
 5140000 2.45785626
 5145000 2.67800637
 5150000 2.78374158
 5155000 2.13757163
 5160000 1.71451986
 5165000 2.37531138
 5170000 2.28192342
 5175000 2.65188555
 5180000 2.88634159
 5185000 1.82226916
 5190000 1.83262991
 5195000 2.33426056
 5200000 2.71018366
 5205000 2.38751907
 5210000 2.30662782
 5215000 2.52994935
 5220000 2.49718085
 5225000 2.13398542
 5230000 2.76638285
 5235000 1.6559726
 5240000 2.02510228
 5245000 2.43327958
 5250000 3.3331026
 5255000 2.29622487
 5260000 1.84520946
 5265000 3.1006142
 5270000 3.00852443
 5275000 2.38651713
 5280000 3.2193373
 5285000 2.88281588
 5290000 3.10838928
 5295000 2.96335969
 5300000 2.32743007
 5305000 2.86837438
 5310000 2.26477687
 5315000 2.58996404
 5320000 2.35657521
 5325000 2.29506311
 5330000 2.77396714
 5335000 2.54438205
 5340000 2.55629841
 5345000 2.40930773
 5350000 2.72383665
 5355000 2.27813442
 5360000 2.42878888
 5365000 2.37436272
 5370000 2.52276151
 5375000 2.14664564
 5380000 2.31652621
 5385000 2.7129937
 5390000 2.41516916
 5395000 2.77337562
 5400000 2.29532149
 5405000 2.29365854
 5410000 2.19003592
 5415000 2.62860126
 5420000 2.24303781
 5425000 2.44752957
 5430000 2.06932875
 5435000 2.21397714
 5440000 2.31591468
 5445000 2.83574492
 5450000 2.47409504
 5455000 2.62866348
 5460000 2.23529631
 5465000 2.62906763
 5470000 2.3529712
 5475000 2.35256978
 5480000 2.04749607
 5485000 2.87867386
 5490000 2.79588397
 5495000 2.22740033
 5500000 2.16445543
 5505000 2.30999325
 5510000 2.10690967
 5515000 2.54323062
 5520000 2.39669979
 5525000 2.38809829
 5530000 1.99729266
 5535000 2.34091148
 5540000 2.71377534
 5545000 2.52625423
 5550000 2.67430146
 5555000 2.22302368
 5560000 2.38591488
 5565000 2.26190645
 5570000 2.23757532
 5575000 2.46840661
 5580000 2.30272975
 5585000 2.73304165
 5590000 2.21712926
 5595000 2.62481057
 5600000 2.22829926
 5605000 2.88326407
 5610000 3.0156245
 5615000 2.86647228
 5620000 3.34154002
 5625000 2.35597483
 5630000 2.51595798
 5635000 2.6278874
 5640000 2.43227728
 5645000 2.24585482
 5650000 2.59606442
 5655000 2.06403173
 5660000 2.70553259
 5665000 2.40891609
 5670000 2.59839994
 5675000 2.45713401
 5680000 3.22246224
 5685000 2.86000566
 5690000 2.56343063
 5695000 2.61697997
 5700000 1.98858754
 5705000 2.34586258
 5710000 2.20248201
 5715000 2.73619055
 5720000 3.06371331
 5725000 2.20822252
 5730000 1.94811996
 5735000 2.4592509
 5740000 2.26644214
 5745000 2.32693119
 5750000 2.32258933
 5755000 2.35238321
 5760000 2.36067914
 5765000 2.65840855
 5770000 2.17707783
 5775000 2.27409481
 5780000 2.58843731
 5785000 2.33706053
 5790000 2.38108401
 5795000 2.35946637
 5800000 2.45270383
 5805000 2.67908544
 5810000 2.51455593
 5815000 2.23013298
 5820000 2.33601813
 5825000 2.37613611
 5830000 2.12029677
 5835000 2.52633051
 5840000 2.62775039
 5845000 2.67735131
 5850000 2.19666664
 5855000 2.35322841
 5860000 2.45088667
 5865000 2.29331318
 5870000 2.69488009
 5875000 2.41072709
 5880000 2.32976621
 5885000 2.47569744
 5890000 2.97976444
 5895000 2.34975326
 5900000 2.76693935
 5905000 3.08320648
 5910000 3.10092993
 5915000 2.46212351
 5920000 2.06596364
 5925000 2.4655805
 5930000 2.26830302
 5935000 2.0617721
 5940000 2.54376265
 5945000 2.49018823
 5950000 3.09858102
 5955000 2.06049528
 5960000 2.50712453
 5965000 2.49246157
 5970000 2.2243092
 5975000 2.38815132
 5980000 2.29812138
 5985000 2.09704965
 5990000 2.21780935
 5995000 2.56004753
 6000000 2.61023576
 6005000 2.00104469
 6010000 2.30776604
 6015000 1.97660059
 6020000 2.23373022
 6025000 2.43288574
 6030000 2.22244306
 6035000 2.26121796
 6040000 2.4684144
 6045000 2.64608758
 6050000 2.40641962
 6055000 2.4338561
 6060000 2.38450176
 6065000 2.51738401
 6070000 2.46842904
 6075000 2.21891383
 6080000 2.22634662
 6085000 3.12017585
 6090000 2.7007226
 6095000 2.16560048
 6100000 2.15996987
 6105000 2.59322209
 6110000 2.21024304
 6115000 2.46351168
 6120000 2.33039556
 6125000 2.29253937
 6130000 2.41886424
 6135000 2.28825866
 6140000 2.4073419
 6145000 2.24725389
 6150000 2.25320162
 6155000 2.31626323
 6160000 2.33719887
 6165000 2.44654034
 6170000 2.17697386
 6175000 2.15486167
 6180000 2.18270515
 6185000 2.28417702
 6190000 2.36147031
 6195000 2.28769123
 6200000 2.25206759
 6205000 2.15052542
 6210000 2.55640987
 6215000 2.16971289
 6220000 2.34544387
 6225000 2.00446123
 6230000 2.35595138
 6235000 2.51649072
 6240000 2.41567997
 6245000 2.18094525
 6250000 2.16320098
 6255000 2.39338938
 6260000 2.15315559
 6265000 2.31602187
 6270000 2.29501858
 6275000 2.06504206
 6280000 1.98124723
 6285000 2.44765998
 6290000 2.17236013
 6295000 2.43913974
 6300000 2.73485578
 6305000 2.62653738
 6310000 2.61694896
 6315000 2.27393007
 6320000 2.32806633
 6325000 2.68973548
 6330000 2.25385051
 6335000 2.50999164
 6340000 2.42980993
 6345000 2.34481965
 6350000 2.51725158
 6355000 2.41963725
 6360000 2.48584512
 6365000 2.28242354
 6370000 2.07971846
 6375000 2.28123357
 6380000 2.22055483
 6385000 2.22962182
 6390000 2.40617989
 6395000 2.12913675
 6400000 2.51340518
 6405000 2.27661827
 6410000 2.30719308
 6415000 2.21663092
 6420000 2.52085933
 6425000 2.1645417
 6430000 2.64930643
 6435000 2.25651481
 6440000 2.23211109
 6445000 2.47374489
 6450000 2.28692653
 6455000 2.21647515
 6460000 2.45619835
 6465000 2.1568673
 6470000 2.1510445
 6475000 2.70178994
 6480000 2.40144773
 6485000 2.2272427
 6490000 2.35136473
 6495000 2.52936738
 6500000 2.48380495
 6505000 2.23365553
 6510000 2.36582677
 6515000 2.42315801
 6520000 2.25181619
 6525000 2.36294969
 6530000 2.5214612
 6535000 2.41622837
 6540000 2.84319194
 6545000 2.57428234
 6550000 2.04724063
 6555000 2.21223836
 6560000 2.50928292
 6565000 3.17982517
 6570000 2.34464156
 6575000 2.59961551
 6580000 2.70180222
 6585000 2.29174857
 6590000 2.10445531
 6595000 2.24985495
 6600000 2.12872992
 6605000 2.46576594
 6610000 2.7350219
 6615000 2.61125258
 6620000 2.35925121
 6625000 2.3713828
 6630000 2.53606724
 6635000 2.43262904
 6640000 1.90008922
 6645000 2.74891621
 6650000 2.58322446
 6655000 2.65906056
 6660000 2.89267305
 6665000 2.67082102
 6670000 2.39858431
 6675000 2.43689437
 6680000 2.25332424
 6685000 2.12774096
 6690000 2.10966354
 6695000 2.28307345
 6700000 2.17447854
 6705000 2.47163948
 6710000 2.0417271
 6715000 2.0291033
 6720000 2.4158771
 6725000 2.47363617
 6730000 2.27397952
 6735000 2.55780725
 6740000 2.45550351
 6745000 2.56940736
 6750000 2.66309571
 6755000 2.26313391
 6760000 2.40829091
 6765000 2.70796829
 6770000 2.58224034
 6775000 2.21998768
 6780000 2.18973698
 6785000 2.35382877
 6790000 2.11442077
 6795000 2.53822663
 6800000 2.18326257
 6805000 2.04078084
 6810000 2.51788262
 6815000 1.87940401
 6820000 2.27533777
 6825000 2.22887725
 6830000 2.20304673
 6835000 2.27811356
 6840000 2.95273052
 6845000 2.43541375
 6850000 2.60274183
 6855000 2.68606672
 6860000 2.31184679
 6865000 2.37279842
 6870000 2.18684287
 6875000 2.23705578
 6880000 2.51105074
 6885000 2.18064116
 6890000 2.30872717
 6895000 2.1688223
 6900000 2.64124091
 6905000 2.24717432
 6910000 2.39011018
 6915000 2.05337579
 6920000 2.32175065
 6925000 2.88716885
 6930000 2.08955531
 6935000 2.22974612
 6940000 2.4591193
 6945000 2.28043733
 6950000 1.93703745
 6955000 2.24837855
 6960000 2.66757567
 6965000 2.30237812
 6970000 2.37953081
 6975000 2.13933127
 6980000 2.2521478
 6985000 2.03475603
 6990000 2.40415537
 6995000 2.1402715
 7000000 2.49877229
 7005000 2.59131255
 7010000 2.34180216
 7015000 2.18504845
 7020000 2.3700693
 7025000 2.26017543
 7030000 2.6212432
 7035000 2.37610265
 7040000 2.56796166
 7045000 2.31528758
 7050000 2.29816093
 7055000 2.1665049
 7060000 2.08591638
 7065000 2.34683261
 7070000 2.15610964
 7075000 2.17584147
 7080000 2.33229913
 7085000 2.48084408
 7090000 2.31047517
 7095000 2.08377957
 7100000 2.04934736
 7105000 2.39796288
 7110000 3.11211173
 7115000 2.45183329
 7120000 2.19769249
 7125000 2.83169433
 7130000 2.6502371
 7135000 2.99912915
 7140000 2.81560868
 7145000 2.62610791
 7150000 2.93830312
 7155000 2.63721365
 7160000 2.53624294
 7165000 2.3323232
 7170000 2.58373336
 7175000 2.63917811
 7180000 2.77521388
 7185000 2.92510848
 7190000 3.10261029
 7195000 2.52126764
 7200000 2.25746099
 7205000 2.40606424
 7210000 2.40302536
 7215000 2.52373432
 7220000 2.7721946
 7225000 1.90699892
 7230000 2.14591422
 7235000 2.45758308
 7240000 2.51626983
 7245000 2.0838696
 7250000 2.14219778
 7255000 2.07791501
 7260000 2.43487275
 7265000 2.45438192
 7270000 2.20715563
 7275000 2.21602447
 7280000 2.32705622
 7285000 2.46845882
 7290000 2.35196633
 7295000 2.29999273
 7300000 2.31667634
 7305000 2.18654002
 7310000 2.35614613
 7315000 2.34843427
 7320000 2.45385389
 7325000 2.16202826
 7330000 2.46397163
 7335000 2.03279245
 7340000 1.95951801
 7345000 2.39730247
 7350000 2.63782767
 7355000 2.11460837
 7360000 2.05230245
 7365000 2.0730452
 7370000 2.78208949
 7375000 2.33038659
 7380000 2.53204072
 7385000 2.59244912
 7390000 2.34032582
 7395000 2.16902828
 7400000 2.2590878
 7405000 2.16012566
 7410000 2.19069687
 7415000 2.39260654
 7420000 3.02637283
 7425000 2.93179017
 7430000 2.28813977
 7435000 2.27021229
 7440000 2.10381939
 7445000 2.2957387
 7450000 2.38260873
 7455000 2.09840513
 7460000 2.15878903
 7465000 2.08742341
 7470000 2.09462837
 7475000 2.00395301
 7480000 2.13010448
 7485000 2.3513924
 7490000 2.38344115
 7495000 2.3208095
 7500000 2.48929537
 7505000 2.29540134
 7510000 2.21881667
 7515000 2.46114496
 7520000 2.20274567
 7525000 2.19277294
 7530000 2.28174805
 7535000 2.84315338
 7540000 2.35088892
 7545000 2.11933069
 7550000 2.43196802
 7555000 2.35119068
 7560000 2.29791335
 7565000 2.39798614
 7570000 2.13342237
 7575000 2.81687412
 7580000 2.49967879
 7585000 2.26660957
 7590000 2.0694806
 7595000 2.43590764
 7600000 1.9115542
 7605000 2.72781264
 7610000 2.65676244
 7615000 2.23277623
 7620000 2.33570387
 7625000 2.26196112
 7630000 2.49209766
 7635000 2.41967913
 7640000 2.29365958
 7645000 2.31560284
 7650000 2.41147838
 7655000 2.18409075
 7660000 2.30954379
 7665000 2.58923057
 7670000 2.36886617
 7675000 2.42740742
 7680000 2.16917531
 7685000 2.56486855
 7690000 2.40766645
 7695000 2.40934604
 7700000 2.15324743
 7705000 2.40419106
 7710000 2.06799321
 7715000 2.47499112
 7720000 2.87589748
 7725000 2.18556764
 7730000 2.21713707
 7735000 2.3325951
 7740000 2.67220374
 7745000 2.09444313
 7750000 2.4672815
 7755000 2.2942794
 7760000 2.56241907
 7765000 2.49110473
 7770000 2.2461799
 7775000 2.20182262
 7780000 2.38243185
 7785000 2.17208951
 7790000 2.50468103
 7795000 2.80814695
 7800000 2.36932398
 7805000 2.42586647
 7810000 2.37299884
 7815000 1.9384141
 7820000 2.51577452
 7825000 2.32492851
 7830000 2.168203
 7835000 2.42520167
 7840000 2.1429066
 7845000 2.66691125
 7850000 2.27636939
 7855000 2.41981054
 7860000 2.19029551
 7865000 2.03267557
 7870000 2.24425761
 7875000 2.21354022
 7880000 2.38453298
 7885000 2.22598725
 7890000 2.21501748
 7895000 2.43949731
 7900000 2.11722594
 7905000 2.32712687
 7910000 2.32436188
 7915000 2.22656262
 7920000 2.10732973
 7925000 2.1931146
 7930000 2.19786186
 7935000 2.17452025
 7940000 2.20581796
 7945000 2.1941897
 7950000 2.31811822
 7955000 1.91646232
 7960000 2.14112609
 7965000 2.18759238
 7970000 2.17085497
 7975000 2.62093277
 7980000 2.28186932
 7985000 2.1644444
 7990000 2.07684695
 7995000 2.21705148
 8000000 2.40823714
 8005000 2.4044681
 8010000 2.64995491
 8015000 2.9209627
 8020000 2.17898034
 8025000 2.09265734
 8030000 2.11588811
 8035000 2.3412264
 8040000 2.19800887
 8045000 2.24250592
 8050000 2.24257117
 8055000 2.30612861
 8060000 2.03839526
 8065000 2.28038399
 8070000 2.20167361
 8075000 2.41133766
 8080000 2.28563656
 8085000 2.33185581
 8090000 2.40539466
 8095000 2.57977388
 8100000 2.68368857
 8105000 2.36469274
 8110000 2.15870672
 8115000 2.67081176
 8120000 2.19168858
 8125000 2.59596192
 8130000 2.19154793
 8135000 2.5898472
 8140000 2.76269948
 8145000 2.36904165
 8150000 2.17864968
 8155000 2.2399694
 8160000 2.37231763
 8165000 2.22261667
 8170000 2.21516654
 8175000 1.94088723
 8180000 2.21690995
 8185000 2.2117084
 8190000 2.53707706
 8195000 2.57643265
 8200000 2.56923702
 8205000 2.9104923
 8210000 2.12017957
 8215000 2.44525565
 8220000 2.53095917
 8225000 2.42167514
 8230000 3.29316735
 8235000 2.8619116
 8240000 2.27849841
 8245000 2.93929838
 8250000 3.13078071
 8255000 2.21036878
 8260000 2.4246249
 8265000 2.31737076
 8270000 2.39071912
 8275000 2.23807362
 8280000 2.29173895
 8285000 3.09298093
 8290000 2.04736098
 8295000 2.2377325
 8300000 4.02628169
 8305000 3.17655878
 8310000 3.21763447
 8315000 3.21440098
 8320000 2.61918347
 8325000 2.9531492
 8330000 3.15597519
 8335000 2.45828953
 8340000 2.63767475
 8345000 3.12998878
 8350000 2.93621442
 8355000 2.5606499
 8360000 1.97093305
 8365000 2.60949588
 8370000 2.31144561
 8375000 2.64234722
 8380000 2.27186661
 8385000 2.28951867
 8390000 2.56317141
 8395000 2.45972586
 8400000 2.57648711
 8405000 2.0062631
 8410000 3.03674152
 8415000 2.61585148
 8420000 2.5035866
 8425000 3.00131842
 8430000 2.52636148
 8435000 3.22715731
 8440000 2.32976597
 8445000 2.37871757
 8450000 2.58438435
 8455000 2.66786017
 8460000 2.41577096
 8465000 2.49833346
 8470000 2.78796543
 8475000 2.69704147
 8480000 2.29049063
 8485000 2.49375115
 8490000 2.36007198
 8495000 2.48887068
 8500000 2.47510352
 8505000 2.41267002
 8510000 2.41409025
 8515000 2.31131754
 8520000 2.68325685
 8525000 2.46254567
 8530000 2.60379903
 8535000 2.34128093
 8540000 2.15522003
 8545000 1.99949035
 8550000 2.21256071
 8555000 2.30152117
 8560000 2.53590605
 8565000 2.13075594
 8570000 2.21662758
 8575000 2.42946499
 8580000 2.92641358
 8585000 3.09008802
 8590000 2.83514024
 8595000 2.74769285
 8600000 3.24360319
 8605000 2.67260538
 8610000 2.2619324
 8615000 2.54399003
 8620000 2.40990839
 8625000 2.9918931
 8630000 2.79656414
 8635000 2.53050328
 8640000 2.32267206
 8645000 2.12227616
 8650000 2.10425988
 8655000 2.72185254
 8660000 2.49648113
 8665000 2.39958788
 8670000 2.53433762
 8675000 3.46965573
 8680000 3.22004942
 8685000 2.56270426
 8690000 2.23767139
 8695000 2.80966873
 8700000 2.61114135
 8705000 2.41279004
 8710000 2.03680079
 8715000 2.17342565
 8720000 3.17417694
 8725000 2.35109886
 8730000 2.61382122
 8735000 2.50786891
 8740000 3.23745612
 8745000 2.64025327
 8750000 2.01566306
 8755000 2.3121653
 8760000 2.12840869
 8765000 3.08578833
 8770000 2.31250072
 8775000 2.47648216
 8780000 2.90075636
 8785000 2.46000588
 8790000 2.81300935
 8795000 3.2277848
 8800000 2.77020819
 8805000 3.83679863
 8810000 2.64026503
 8815000 2.71737072
 8820000 2.94171052
 8825000 2.39096037
 8830000 3.27668469
 8835000 3.1463582
 8840000 2.54887845
 8845000 2.2951953
 8850000 2.63625403
 8855000 2.50254804
 8860000 2.99896932
 8865000 2.58761553
 8870000 3.2105058
 8875000 2.64663927
 8880000 2.34266753
 8885000 2.04944947
 8890000 2.4431428
 8895000 3.52008686
 8900000 2.85053929
 8905000 2.64810935
 8910000 2.41818213
 8915000 2.94927868
 8920000 2.80762191
 8925000 2.05761328
 8930000 2.5447165
 8935000 2.39017634
 8940000 2.23123156
 8945000 3.08674458
 8950000 2.86545429
 8955000 3.12762456
 8960000 2.42666456
 8965000 2.23959393
 8970000 2.25449875
 8975000 3.18476613
 8980000 2.58394416
 8985000 2.9637601
 8990000 2.67134001
 8995000 2.30535849
 9000000 2.38879699
 9005000 2.80724573
 9010000 2.9098827
 9015000 2.1245429
 9020000 2.48423262
 9025000 2.17815049
 9030000 2.35541085
 9035000 2.3340149
 9040000 2.67777314
 9045000 2.45176004
 9050000 2.23102985
 9055000 2.17788689
 9060000 2.43605665
 9065000 2.36511564
 9070000 2.17237056
 9075000 2.13648951
 9080000 2.14165024
 9085000 2.32822301
 9090000 2.35164574
 9095000 2.43197772
 9100000 2.4453612
 9105000 2.17500964
 9110000 2.40142456
 9115000 2.32011653
 9120000 2.79225221
 9125000 2.46248927
 9130000 2.27173575
 9135000 2.51536345
 9140000 2.64117732
 9145000 2.37115757
 9150000 2.37249342
 9155000 2.58981614
 9160000 2.96793236
 9165000 2.14896271
 9170000 2.36561788
 9175000 2.12031707
 9180000 2.28396182
 9185000 2.28745973
 9190000 2.59467858
 9195000 2.11022296
 9200000 2.22041841
 9205000 2.05288679
 9210000 2.04966724
 9215000 2.31112367
 9220000 2.60489623
 9225000 2.34774629
 9230000 2.60168916
 9235000 2.68728288
 9240000 2.880358
 9245000 2.60401064
 9250000 2.34028919
 9255000 2.5538186
 9260000 2.76602889
 9265000 2.36186628
 9270000 3.44291517
 9275000 2.62955516
 9280000 2.93551399
 9285000 2.83258686
 9290000 2.59822776
 9295000 2.34862718
 9300000 3.10761823
 9305000 2.82274816
 9310000 2.44364849
 9315000 2.63220425
 9320000 2.68922144
 9325000 2.3715754
 9330000 2.323115
 9335000 2.60689361
 9340000 2.75542889
 9345000 2.3781776
 9350000 3.02484967
 9355000 2.15256442
 9360000 2.48290158
 9365000 2.20074281
 9370000 2.2122653
 9375000 2.09764169
 9380000 2.75432042
 9385000 2.35054375
 9390000 2.60070708
 9395000 2.9846885
 9400000 2.21309322
 9405000 2.64063376
 9410000 2.35938748
 9415000 2.20139542
 9420000 2.77203683
 9425000 2.7209145
 9430000 2.29970523
 9435000 3.33690973
 9440000 2.47577773
 9445000 2.5417458
 9450000 2.08971191
 9455000 2.73125801
 9460000 2.47433459
 9465000 2.24175848
 9470000 2.77529127
 9475000 2.0932704
 9480000 2.6672546
 9485000 3.48182164
 9490000 2.64413277
 9495000 2.63361126
 9500000 2.02344822
 9505000 2.47979818
 9510000 2.25079496
 9515000 2.7444936
 9520000 2.41364975
 9525000 2.07087963
 9530000 2.5011514
 9535000 2.14003245
 9540000 2.10884973
 9545000 2.21360568
 9550000 2.58144814
 9555000 2.71822539
 9560000 2.42212884
 9565000 2.15825298
 9570000 2.57319659
 9575000 2.36481646
 9580000 3.06650223
 9585000 2.49194895
 9590000 2.84408513
 9595000 2.45786272
 9600000 2.4169053
 9605000 2.09699592
 9610000 2.62237827
 9615000 2.32129488
 9620000 2.16242021
 9625000 2.40295896
 9630000 2.25658309
 9635000 2.34749203
 9640000 2.73633845
 9645000 2.16200259
 9650000 2.62131958
 9655000 2.38037078
 9660000 2.40077933
 9665000 2.20795611
 9670000 2.40367827
 9675000 2.91057259
 9680000 2.36101351
 9685000 2.25690488
 9690000 2.62547931
 9695000 2.4046075
 9700000 2.48414693
 9705000 2.64328844
 9710000 2.56840414
 9715000 3.33127714
 9720000 3.07853199
 9725000 3.01042426
 9730000 2.42914297
 9735000 2.29872386
 9740000 2.46057852
 9745000 1.64562907
 9750000 2.81169988
 9755000 2.44133753
 9760000 2.37995465
 9765000 3.05106999
 9770000 3.10943379
 9775000 2.50618819
 9780000 2.84157176
 9785000 3.33244114
 9790000 2.44252404
 9795000 2.39933102
 9800000 3.21250833
 9805000 2.77805097
 9810000 2.07421538
 9815000 2.58529681
 9820000 2.66625884
 9825000 3.07588817
 9830000 2.41274354
 9835000 2.14212213
 9840000 2.92412514
 9845000 2.15817733
 9850000 2.50080299
 9855000 2.86300079
 9860000 2.62891318
 9865000 2.16125416
 9870000 2.33395775
 9875000 2.34228063
 9880000 2.54019726
 9885000 3.67123304
 9890000 2.92236616
 9895000 2.2654026
 9900000 2.30524939
 9905000 2.58058481
 9910000 2.75987924
 9915000 2.82253572
 9920000 2.26976309
 9925000 2.15482707
 9930000 2.72228883
 9935000 2.57912699
 9940000 2.92697625
 9945000 2.31193498
 9950000 2.21034192
 9955000 2.55169259
 9960000 2.28657453
 9965000 2.25068365
 9970000 2.2707681
 9975000 2.38916928
 9980000 2.21299015
 9985000 2.36359187
 9990000 2.29794385
 9995000 2.47401741
 10000000 2.46996623
 10005000 2.21980522
 10010000 2.24080455
 10015000 2.72445659
 10020000 3.29932554
 10025000 2.16229201
 10030000 2.71887761
 10035000 2.19379888
 10040000 2.35947563
 10045000 2.30924652
 10050000 2.3976266
 10055000 2.60035671
 10060000 2.79135874
 10065000 2.15911655
 10070000 2.47937867
 10075000 2.8046029
 10080000 2.3363467
 10085000 2.40494309
 10090000 2.29447729
 10095000 2.76513191
 10100000 2.89812373
 10105000 2.66698073
 10110000 2.34654236
 10115000 3.17634695
 10120000 2.54277291
 10125000 2.63181686
 10130000 2.31708013
 10135000 2.29947141
 10140000 2.16733773
 10145000 2.50114267
 10150000 3.10067806
 10155000 2.16212126
 10160000 2.50679789
 10165000 2.48426001
 10170000 2.63778261
 10175000 2.44016629
 10180000 2.27620101
 10185000 2.64736349
 10190000 2.30809945
 10195000 2.85374744
 10200000 2.22409546
 10205000 2.60685666
 10210000 2.00111307
 10215000 2.87699515
 10220000 2.92917108
 10225000 2.67963959
 10230000 3.07340506
 10235000 2.16603125
 10240000 2.35221143
 10245000 2.87716782
 10250000 2.0782829
 10255000 2.58294321
 10260000 2.41754824
 10265000 2.20367748
 10270000 2.30838088
 10275000 2.85561217
 10280000 2.56428511
 10285000 2.47612062
 10290000 2.34439414
 10295000 2.47919444
 10300000 2.76481655
 10305000 2.79314654
 10310000 2.51285822
 10315000 2.39073732
 10320000 2.52176337
 10325000 2.56885355
 10330000 2.09979931
 10335000 2.58275995
 10340000 2.42463785
 10345000 3.087332
 10350000 2.52678479
 10355000 2.36001646
 10360000 2.97127681
 10365000 2.49771252
 10370000 2.68829862
 10375000 2.93491292
 10380000 2.25271746
 10385000 2.0639702
 10390000 2.40664746
 10395000 1.89050767
 10400000 2.17278064
 10405000 2.17683025
 10410000 3.03394978
 10415000 2.33402211
 10420000 2.24526914
 10425000 2.85719539
 10430000 2.5523661
 10435000 2.18998641
 10440000 2.22833525
 10445000 2.5051179
 10450000 2.43335315
 10455000 2.8819634
 10460000 2.79424283
 10465000 2.29324151
 10470000 2.56055629
 10475000 2.41943981
 10480000 2.50311585
 10485000 2.21954952
 10490000 2.290811
 10495000 2.23921464
 10500000 2.09318311
 10505000 2.08474
 10510000 2.17002479
 10515000 2.21252454
 10520000 2.173718
 10525000 2.40252474
 10530000 2.28842167
 10535000 2.34847292
 10540000 2.35519515
 10545000 2.31590918
 10550000 2.52460113
 10555000 2.33252393
 10560000 2.71738289
