 MINIMUM DISTANCE BETWEEN 16-127
 570000 8.23091146
 575000 7.37411631
 580000 7.79144104
 585000 8.52306387
 590000 7.78261417
 595000 6.77297668
 600000 7.1379725
 605000 6.89026775
 610000 6.96327969
 615000 6.81342754
 620000 7.93442911
 625000 7.42120809
 630000 8.1582204
 635000 7.20747847
 640000 7.39999607
 645000 7.34254328
 650000 6.95501152
 655000 6.97940091
 660000 6.922602
 665000 7.14972063
 670000 6.72202322
 675000 6.05371469
 680000 5.87938793
 685000 7.66506598
 690000 7.46812964
 695000 6.84335446
 700000 8.25153841
 705000 9.13428986
 710000 8.62044441
 715000 9.02120178
 720000 9.70798744
 725000 9.25336524
 730000 7.97057125
 735000 8.64663259
 740000 7.54927538
 745000 8.11891212
 750000 9.3797991
 755000 8.89659688
 760000 9.30884584
 765000 8.26079808
 770000 7.57727728
 775000 7.81035007
 780000 7.09382364
 785000 6.0190361
 790000 7.65269258
 795000 7.75241133
 800000 7.94573802
 805000 6.47622146
 810000 6.81725451
 815000 8.49201086
 820000 7.35136687
 825000 7.42942823
 830000 6.3478533
 835000 6.66045779
 840000 7.07620703
 845000 6.30168403
 850000 6.90381564
 855000 6.52296147
 860000 7.09876196
 865000 6.81051698
 870000 6.13337601
 875000 6.86464228
 880000 6.00477291
 885000 5.24047192
 890000 5.83376833
 895000 6.17849279
 900000 6.16958426
 905000 6.90004805
 910000 6.9813581
 915000 5.9867942
 920000 6.58013778
 925000 6.72258687
 930000 7.20168649
 935000 7.89127524
 940000 7.20540296
 945000 7.3304664
 950000 5.93559869
 955000 5.63027043
 960000 8.49859604
 965000 7.10311121
 970000 6.39336228
 975000 6.31660178
 980000 4.70766559
 985000 7.41606017
 990000 6.20468679
 995000 6.99012739
 1000000 6.20240063
 1005000 6.56936467
 1010000 6.78850026
 1015000 5.39835693
 1020000 5.72199676
 1025000 6.87449294
 1030000 4.76162068
 1035000 5.2326454
 1040000 4.29622583
 1045000 6.42175724
 1050000 5.61634813
 1055000 5.47122385
 1060000 5.59843491
 1065000 3.95703207
 1070000 5.52552805
 1075000 6.39350879
 1080000 6.22026918
 1085000 5.94928052
 1090000 5.42389371
 1095000 5.6707962
 1100000 6.03565236
 1105000 5.62852319
 1110000 6.39538343
 1115000 6.47291468
 1120000 5.25838967
 1125000 5.87607348
 1130000 6.21175902
 1135000 4.74430276
 1140000 6.35262939
 1145000 5.05021641
 1150000 5.83092771
 1155000 5.25386743
 1160000 5.34026646
 1165000 5.58399166
 1170000 7.05246991
 1175000 6.31155747
 1180000 6.02477674
 1185000 6.43352404
 1190000 6.00731627
 1195000 6.19953539
 1200000 6.2702394
 1205000 5.96536365
 1210000 6.32458022
 1215000 7.59095246
 1220000 6.86657716
 1225000 6.63136929
 1230000 6.68034346
 1235000 6.96103745
 1240000 5.98552255
 1245000 5.40420069
 1250000 7.24000605
 1255000 8.11533927
 1260000 6.17366617
 1265000 6.67747721
 1270000 5.23797826
 1275000 5.21379423
 1280000 5.82202113
 1285000 8.48423442
 1290000 7.28128632
 1295000 6.78440557
 1300000 6.64189194
 1305000 7.55075367
 1310000 6.83756784
 1315000 7.02193348
 1320000 6.587135
 1325000 7.89155588
 1330000 5.21166635
 1335000 5.88753107
 1340000 7.27844988
 1345000 5.35100205
 1350000 5.87556138
 1355000 7.18596304
 1360000 6.03286258
 1365000 6.05077276
 1370000 5.93346186
 1375000 6.47475698
 1380000 6.16678303
 1385000 5.81367783
 1390000 6.53897208
 1395000 6.12768907
 1400000 6.47168452
 1405000 6.98685274
 1410000 5.78018724
 1415000 5.98827906
 1420000 4.74467915
 1425000 4.17043477
 1430000 5.13114821
 1435000 6.902296
 1440000 5.1207298
 1445000 6.46214867
 1450000 5.86319998
 1455000 5.50521626
 1460000 6.31665026
 1465000 5.61037402
 1470000 6.70278021
 1475000 5.39345813
 1480000 7.09411025
 1485000 6.42434927
 1490000 5.75852209
 1495000 6.03312782
 1500000 6.24515471
 1505000 6.44368673
 1510000 7.88300005
 1515000 7.21885775
 1520000 7.13567163
 1525000 6.22904958
 1530000 5.35352464
 1535000 6.72648797
 1540000 6.92001052
 1545000 7.6354215
 1550000 6.36635655
 1555000 7.73113749
 1560000 7.15345494
 1565000 7.50868081
 1570000 5.77894811
 1575000 6.94835393
 1580000 6.56838476
 1585000 7.99520388
 1590000 9.24978971
 1595000 8.23388204
 1600000 6.77068326
 1605000 8.01669376
 1610000 7.72118297
 1615000 7.12830889
 1620000 7.16761459
 1625000 6.186126
 1630000 7.27437114
 1635000 7.22879318
 1640000 7.25813725
 1645000 6.93071662
 1650000 7.08867948
 1655000 7.26529749
 1660000 6.44187239
 1665000 7.4406855
 1670000 5.82916119
 1675000 6.78457137
 1680000 6.10563881
 1685000 7.52397463
 1690000 7.13994493
 1695000 8.44337055
 1700000 6.61448579
 1705000 7.64038438
 1710000 8.31315667
 1715000 7.920202
 1720000 7.4258761
 1725000 7.28425375
 1730000 7.18426991
 1735000 6.23178263
 1740000 7.94909295
 1745000 8.44547293
 1750000 7.31570036
 1755000 7.56347716
 1760000 6.41203746
 1765000 6.26746217
 1770000 6.08197508
 1775000 7.48733663
 1780000 7.08874586
 1785000 7.00272705
 1790000 6.47995185
 1795000 6.34985307
 1800000 6.34530418
 1805000 6.63156206
 1810000 7.40450317
 1815000 7.58996598
 1820000 7.20082997
 1825000 6.20830758
 1830000 6.2657835
 1835000 6.53442833
 1840000 6.19203759
 1845000 6.83146193
 1850000 7.61043031
 1855000 7.49720364
 1860000 7.45470566
 1865000 8.54443287
 1870000 8.66506105
 1875000 8.57910798
 1880000 7.58187285
 1885000 7.0020979
 1890000 7.7843477
 1895000 7.26219889
 1900000 7.39346868
 1905000 7.64103443
 1910000 7.80472213
 1915000 6.75257979
 1920000 7.63270918
 1925000 6.19893324
 1930000 7.52463649
 1935000 7.24226698
 1940000 7.48322775
 1945000 6.45765876
 1950000 6.97817584
 1955000 7.16870632
 1960000 7.64738366
 1965000 6.48175156
 1970000 7.07748358
 1975000 6.94912594
 1980000 7.35968839
 1985000 6.57832634
 1990000 6.49206168
 1995000 6.00028557
 2000000 6.73658342
 2005000 7.67147956
 2010000 6.65235962
 2015000 7.22291164
 2020000 7.23929507
 2025000 7.75237913
 2030000 7.73564481
 2035000 7.52482142
 2040000 6.99565936
 2045000 6.14288438
 2050000 6.16337469
 2055000 7.28286388
 2060000 6.12500102
 2065000 5.59117857
 2070000 5.79275638
 2075000 6.92896747
 2080000 6.74669783
 2085000 6.95956204
 2090000 8.1407003
 2095000 7.63469926
 2100000 7.90341576
 2105000 6.54073973
 2110000 7.19926734
 2115000 8.40008861
 2120000 7.8896226
 2125000 6.5097751
 2130000 6.9078815
 2135000 5.60534661
 2140000 6.43609133
 2145000 6.86317711
 2150000 5.98570351
 2155000 6.93545507
 2160000 6.78651886
 2165000 6.34677258
 2170000 7.13407041
 2175000 5.61079226
 2180000 6.63971018
 2185000 6.62174114
 2190000 5.79649925
 2195000 7.43331382
 2200000 6.7188085
 2205000 8.90685025
 2210000 7.00991755
 2215000 6.82484095
 2220000 6.8479743
 2225000 7.34607567
 2230000 7.0652157
 2235000 7.42077446
 2240000 6.93633963
 2245000 6.58087999
 2250000 6.2230394
 2255000 6.14965282
 2260000 6.53745488
 2265000 6.44029393
 2270000 6.25747663
 2275000 7.86688736
 2280000 6.14852261
 2285000 6.41320894
 2290000 6.85094012
 2295000 6.27380633
 2300000 6.07932695
 2305000 6.76766309
 2310000 6.25846883
 2315000 7.23602033
 2320000 8.61215831
 2325000 7.45565181
 2330000 7.04664026
 2335000 7.82003984
 2340000 6.60618128
 2345000 6.93304761
 2350000 6.95374979
 2355000 6.6000103
 2360000 7.809969
 2365000 7.79480653
 2370000 8.1142197
 2375000 7.89692175
 2380000 7.76733912
 2385000 8.1901835
 2390000 7.01851606
 2395000 5.89258508
 2400000 7.65148521
 2405000 8.34400209
 2410000 7.15264092
 2415000 8.5575819
 2420000 7.88416097
 2425000 6.4622018
 2430000 7.23011964
 2435000 7.94881368
 2440000 7.44232934
 2445000 8.29497828
 2450000 7.83096149
 2455000 5.84984764
 2460000 6.98087014
 2465000 7.08767435
 2470000 6.33770137
 2475000 7.17280436
 2480000 6.84405399
 2485000 7.40198271
 2490000 8.8003182
 2495000 7.08677497
 2500000 8.27562446
 2505000 7.49959394
 2510000 7.10404874
 2515000 6.50260024
 2520000 7.20873844
 2525000 7.43114071
 2530000 7.88333931
 2535000 6.62119446
 2540000 7.509741
 2545000 6.71686694
 2550000 7.95534907
 2555000 7.91530424
 2560000 8.13430087
 2565000 6.75323716
 2570000 7.86653692
 2575000 8.04672717
 2580000 7.62862642
 2585000 7.14520004
 2590000 7.73099895
 2595000 8.43202022
 2600000 8.10800403
 2605000 7.92781605
 2610000 7.52908806
 2615000 9.21950187
 2620000 8.75687388
 2625000 7.56953702
 2630000 8.33790631
 2635000 8.0202949
 2640000 8.1501113
 2645000 8.44506853
 2650000 8.81656915
 2655000 8.26687625
 2660000 7.67198067
 2665000 8.63643629
 2670000 8.2175973
 2675000 8.24532471
 2680000 8.92173272
 2685000 9.44229914
 2690000 6.68009173
 2695000 7.35960938
 2700000 6.71624505
 2705000 7.53272631
 2710000 6.75205596
 2715000 6.87897275
 2720000 6.93280988
 2725000 8.0191948
 2730000 6.52517597
 2735000 7.01983071
 2740000 7.28059985
 2745000 6.41051163
 2750000 5.57841204
 2755000 5.33384461
 2760000 5.74636389
 2765000 5.49153224
 2770000 5.48816215
 2775000 5.60701706
 2780000 7.59691744
 2785000 7.62242852
 2790000 7.35408601
 2795000 7.99057081
 2800000 7.46715276
 2805000 7.21571605
 2810000 7.10937631
 2815000 6.63627638
 2820000 6.49018198
 2825000 7.40574371
 2830000 6.87171881
 2835000 7.61692857
 2840000 8.22348626
 2845000 8.01838662
 2850000 8.78755922
 2855000 8.03285323
 2860000 8.20890753
 2865000 8.23005721
 2870000 8.36602445
 2875000 8.63610169
 2880000 8.01326914
 2885000 8.71915133
 2890000 8.90795376
 2895000 8.28195542
 2900000 9.07360928
 2905000 9.10356103
 2910000 9.99583091
 2915000 7.69589151
 2920000 8.0128639
 2925000 8.54504801
 2930000 8.0575922
 2935000 7.69732674
 2940000 8.02700432
 2945000 7.72764474
 2950000 6.59120686
 2955000 6.32777255
 2960000 6.8786287
 2965000 8.43987231
 2970000 8.18101362
 2975000 5.71328874
 2980000 5.79735844
 2985000 5.81058844
 2990000 6.91366164
 2995000 6.35256883
 3000000 5.81134161
 3005000 6.30305298
 3010000 4.69711516
 3015000 5.44439895
 3020000 5.43039277
 3025000 6.03240737
 3030000 4.79675078
 3035000 4.9088158
 3040000 4.72486409
 3045000 7.1523726
 3050000 7.04718037
 3055000 7.20309834
 3060000 6.40967711
 3065000 6.88356761
 3070000 8.09202058
 3075000 7.70834578
 3080000 6.78831222
 3085000 8.91842588
 3090000 8.32648008
 3095000 7.54651319
 3100000 7.80564199
 3105000 6.26744755
 3110000 6.14928603
 3115000 8.48154127
 3120000 5.48522643
 3125000 8.65074738
 3130000 5.24530618
 3135000 5.97948654
 3140000 6.53369828
 3145000 7.4542622
 3150000 6.35957714
 3155000 7.39987798
 3160000 8.12514359
 3165000 8.41191082
 3170000 8.32001808
 3175000 8.46389358
 3180000 8.66448386
 3185000 8.95605273
 3190000 6.90558285
 3195000 8.60636412
 3200000 8.83172754
 3205000 7.72882266
 3210000 9.1239101
 3215000 9.76886196
 3220000 10.2170743
 3225000 8.58655675
 3230000 8.75234994
 3235000 8.70721901
 3240000 9.69808707
 3245000 9.27740459
 3250000 8.36909719
 3255000 9.38976486
 3260000 8.85411594
 3265000 10.2398837
 3270000 8.7201375
 3275000 8.32408044
 3280000 8.22509091
 3285000 7.95155546
 3290000 9.47946713
 3295000 8.40648065
 3300000 6.10549509
 3305000 6.88957662
 3310000 7.16605815
 3315000 5.91372739
 3320000 6.34922761
 3325000 7.05781876
 3330000 8.05519551
 3335000 5.61695338
 3340000 7.20872716
 3345000 6.03168466
 3350000 6.55994829
 3355000 6.59551314
 3360000 6.27209947
 3365000 5.95357884
 3370000 6.1103325
 3375000 5.82617655
 3380000 5.326271
 3385000 4.80734495
 3390000 3.60604212
 3395000 3.37418287
 3400000 3.47705666
 3405000 4.30911892
 3410000 4.0431159
 3415000 3.80321082
 3420000 4.88511843
 3425000 4.51663255
 3430000 4.27733235
 3435000 4.73391476
 3440000 4.89905408
 3445000 4.42408347
 3450000 4.07143967
 3455000 5.39408656
 3460000 3.6067446
 3465000 3.79393521
 3470000 3.76978319
 3475000 2.88612085
 3480000 4.41867871
 3485000 4.13952558
 3490000 5.15365109
 3495000 4.52020553
 3500000 5.38180374
 3505000 4.18146948
 3510000 2.99471737
 3515000 4.28213828
 3520000 3.86504927
 3525000 3.25636741
 3530000 3.99525006
 3535000 3.43600295
 3540000 3.23503713
 3545000 4.55172308
 3550000 3.49080018
 3555000 4.74702068
 3560000 3.88158471
 3565000 5.27174475
 3570000 2.98088323
 3575000 2.8255828
 3580000 3.26622348
 3585000 3.09561578
 3590000 4.53514063
 3595000 3.37629253
 3600000 5.06071655
 3605000 3.70796438
 3610000 3.75078722
 3615000 2.54646411
 3620000 3.04012435
 3625000 4.33240031
 3630000 4.33080236
 3635000 4.3887905
 3640000 5.18382492
 3645000 4.33611747
 3650000 5.19366514
 3655000 4.54768108
 3660000 4.55155014
 3665000 4.95691357
 3670000 4.06532302
 3675000 5.15590946
 3680000 3.88781149
 3685000 4.49839851
 3690000 4.15514825
 3695000 4.73354504
 3700000 5.18178907
 3705000 3.98813907
 3710000 5.3644187
 3715000 5.06054236
 3720000 4.81062835
 3725000 5.14020971
 3730000 4.10750439
 3735000 4.52266599
 3740000 5.14931367
 3745000 3.8398571
 3750000 2.58820288
 3755000 3.0339981
 3760000 2.45451175
 3765000 4.16192237
 3770000 3.38564971
 3775000 1.85634555
 3780000 3.60138949
 3785000 4.295707
 3790000 3.96387612
 3795000 5.24553875
 3800000 5.11880979
 3805000 4.73243683
 3810000 5.13195902
 3815000 5.25134618
 3820000 4.33526381
 3825000 5.27495473
 3830000 4.78227797
 3835000 4.67502215
 3840000 4.40515544
 3845000 4.9494527
 3850000 5.17106424
 3855000 5.1008691
 3860000 4.81476197
 3865000 4.11189077
 3870000 4.87779629
 3875000 4.95230946
 3880000 5.28645489
 3885000 4.99464091
 3890000 4.23224621
 3895000 4.74621348
 3900000 4.11424675
 3905000 5.28759978
 3910000 4.83237289
 3915000 5.36304207
 3920000 5.77040413
 3925000 5.812828
 3930000 6.07152936
 3935000 5.2916226
 3940000 6.53555712
 3945000 5.93778069
 3950000 4.76595893
 3955000 5.12691155
 3960000 5.25138953
 3965000 5.34699755
 3970000 4.68368033
 3975000 5.3731663
 3980000 5.39457825
 3985000 4.54122314
 3990000 4.54757206
 3995000 4.90606791
 4000000 3.50734941
 4005000 5.42285041
 4010000 4.94937512
 4015000 4.208646
 4020000 4.70698083
 4025000 4.43489318
 4030000 4.73110089
 4035000 5.34764272
 4040000 5.05289387
 4045000 4.52256932
 4050000 4.78247227
 4055000 5.08101148
 4060000 6.70877267
 4065000 5.53209124
 4070000 4.74411923
 4075000 4.85518554
 4080000 4.9124359
 4085000 5.32572988
 4090000 5.44949227
 4095000 5.08372103
 4100000 4.79732791
 4105000 4.54574132
 4110000 5.18703075
 4115000 5.23957355
 4120000 5.83074838
 4125000 5.46571459
 4130000 5.0625201
 4135000 6.38170029
 4140000 5.41343016
 4145000 5.89367479
 4150000 5.75939608
 4155000 5.06840592
 4160000 5.09815987
 4165000 3.9333451
 4170000 5.63995833
 4175000 4.33451267
 4180000 3.67029217
 4185000 4.08143926
 4190000 4.68503447
 4195000 5.36391166
 4200000 4.36559661
 4205000 4.92340228
 4210000 4.47373976
 4215000 3.60075599
 4220000 3.93352818
 4225000 5.27986483
 4230000 5.07054351
 4235000 4.27752729
 4240000 4.74071575
 4245000 4.54984505
 4250000 4.70639897
 4255000 4.97130413
 4260000 5.00310811
 4265000 5.03078672
 4270000 4.73354703
 4275000 3.11929857
 4280000 4.23651365
 4285000 4.67625353
 4290000 4.41816266
 4295000 3.74420337
 4300000 4.31120217
 4305000 2.94338336
 4310000 4.39159208
 4315000 5.34746503
 4320000 5.73814204
 4325000 5.314669
 4330000 5.21706678
 4335000 4.23787954
 4340000 5.70879973
 4345000 5.56354947
 4350000 5.1469266
 4355000 5.61824707
 4360000 5.51397481
 4365000 3.27598817
 4370000 3.06643697
 4375000 4.42819447
 4380000 4.94393197
 4385000 4.88116186
 4390000 4.95631025
 4395000 5.94489411
 4400000 5.242107
 4405000 4.62071878
 4410000 5.5918444
 4415000 5.38323207
 4420000 5.59288097
 4425000 5.47149458
 4430000 4.74158662
 4435000 5.75455917
 4440000 5.22472894
 4445000 5.21487264
 4450000 4.49558045
 4455000 5.49646689
 4460000 5.4396424
 4465000 6.33148958
 4470000 5.48479501
 4475000 4.39653676
 4480000 4.35383016
 4485000 4.35963317
 4490000 4.67111012
 4495000 4.82476241
 4500000 4.54649745
 4505000 3.96690047
 4510000 5.38888146
 4515000 3.43287024
 4520000 3.4898429
 4525000 4.64911053
 4530000 3.96270581
 4535000 4.28318724
 4540000 4.79865182
 4545000 4.3897041
 4550000 5.32692862
 4555000 4.6977204
 4560000 3.55282762
 4565000 5.22462201
 4570000 4.55509559
 4575000 3.60781132
 4580000 4.76131097
 4585000 4.38667092
 4590000 4.92329896
 4595000 4.74246547
 4600000 5.29689001
 4605000 5.57845221
 4610000 4.9993996
 4615000 4.83775219
 4620000 4.65881251
 4625000 4.84912842
 4630000 5.18600947
 4635000 4.78692054
 4640000 4.58587717
 4645000 4.96752564
 4650000 4.85369326
 4655000 5.67289135
 4660000 6.21231099
 4665000 5.90517191
 4670000 5.06644464
 4675000 5.26657609
 4680000 4.71349034
 4685000 6.29890521
 4690000 5.05573379
 4695000 5.30212344
 4700000 6.21275939
 4705000 4.3217845
 4710000 4.92848533
 4715000 3.68759945
 4720000 5.09015395
 4725000 4.61586454
 4730000 4.08839623
 4735000 4.86490994
 4740000 4.53272023
 4745000 5.64421329
 4750000 3.98883385
 4755000 5.4399445
 4760000 4.43811256
 4765000 4.0476255
 4770000 3.49404868
 4775000 3.70350006
 4780000 4.27733436
 4785000 4.00786164
 4790000 4.41268836
 4795000 4.65844583
 4800000 5.01657178
 4805000 4.65693933
 4810000 4.49635224
 4815000 4.29298105
 4820000 3.99769021
 4825000 3.95523345
 4830000 4.51662449
 4835000 4.08408206
 4840000 5.18051354
 4845000 5.18194239
 4850000 5.79291361
 4855000 5.58265589
 4860000 5.52022491
 4865000 4.96513638
 4870000 5.0270363
 4875000 4.13678632
 4880000 5.5032482
 4885000 4.71244109
 4890000 5.23440377
 4895000 5.61985762
 4900000 5.39472488
 4905000 5.55888366
 4910000 5.61163673
 4915000 4.93529126
 4920000 4.52568801
 4925000 4.52154558
 4930000 4.97216838
 4935000 5.06083796
 4940000 4.47927739
 4945000 5.80939154
 4950000 4.70807036
 4955000 4.73789325
 4960000 5.38906881
 4965000 4.15117892
 4970000 6.0032985
 4975000 4.94662558
 4980000 5.03832949
 4985000 5.1302175
 4990000 4.64250514
 4995000 5.61468367
 5000000 4.72484162
 5005000 4.64058629
 5010000 4.94772395
 5015000 5.06600236
 5020000 4.98600941
 5025000 6.01296874
 5030000 5.68981533
 5035000 5.91272847
 5040000 6.00853979
 5045000 6.68618562
 5050000 5.72671601
 5055000 6.48588113
 5060000 6.82981872
 5065000 5.86496083
 5070000 6.14973195
 5075000 5.72230964
 5080000 6.42750762
 5085000 5.85335606
 5090000 6.27607057
 5095000 5.69878838
 5100000 5.43044125
 5105000 5.29918236
 5110000 5.82479792
 5115000 5.28254638
 5120000 5.9303256
 5125000 6.43868484
 5130000 6.13138308
 5135000 5.93328758
 5140000 5.50718009
 5145000 6.19262338
 5150000 6.29314628
 5155000 5.5510576
 5160000 6.06146252
 5165000 6.26982022
 5170000 5.37418164
 5175000 6.84798806
 5180000 7.65137253
 5185000 7.61183852
 5190000 7.48149877
 5195000 7.21478327
 5200000 6.48935925
 5205000 7.59376665
 5210000 6.14741336
 5215000 6.29485255
 5220000 7.26342471
 5225000 6.38668553
 5230000 6.37001131
 5235000 7.19668605
 5240000 6.75625654
 5245000 6.36285956
 5250000 5.87241892
 5255000 7.77317137
 5260000 6.30657414
 5265000 7.95285413
 5270000 7.09871265
 5275000 6.40524564
 5280000 5.29023263
 5285000 5.17063
 5290000 5.46093521
 5295000 5.71167647
 5300000 4.75954949
 5305000 4.84733166
 5310000 5.78727284
 5315000 5.14345691
 5320000 4.48656978
 5325000 6.20755229
 5330000 5.23201497
 5335000 5.26737753
 5340000 7.29229779
 5345000 5.41867213
 5350000 4.94183746
 5355000 5.54481324
 5360000 5.3544128
 5365000 4.95883638
 5370000 3.71596816
 5375000 4.33185867
 5380000 5.24811481
 5385000 5.19491795
 5390000 4.71510373
 5395000 4.25285622
 5400000 4.26131468
 5405000 4.28196378
 5410000 5.40959261
 5415000 4.50451273
 5420000 4.67458784
 5425000 4.45997897
 5430000 5.16954067
 5435000 4.6432924
 5440000 3.72052758
 5445000 4.66966827
 5450000 6.12440015
 5455000 3.39556391
 5460000 3.93977225
 5465000 5.5076515
 5470000 5.39299126
 5475000 4.67480216
 5480000 5.41696375
 5485000 4.44814741
 5490000 4.0547697
 5495000 5.00954267
 5500000 5.13599043
 5505000 5.01968257
 5510000 5.53367064
 5515000 5.59177739
 5520000 5.31570292
 5525000 3.47381768
 5530000 3.41472123
 5535000 3.47629396
 5540000 4.80214122
 5545000 4.61856139
 5550000 4.87690195
 5555000 4.87894488
 5560000 5.1453035
 5565000 5.52694716
 5570000 4.95578344
 5575000 3.47969357
 5580000 4.27733602
 5585000 3.39809068
 5590000 4.10130016
 5595000 4.37085249
 5600000 5.02829708
 5605000 4.31482165
 5610000 3.59796073
 5615000 3.45806176
 5620000 3.44092023
 5625000 5.22864121
 5630000 3.6110219
 5635000 3.8574507
 5640000 4.06618995
 5645000 4.75272482
 5650000 4.27696864
 5655000 4.03799126
 5660000 4.37977686
 5665000 3.80722548
 5670000 5.03713725
 5675000 4.49284656
 5680000 4.29462069
 5685000 3.57155915
 5690000 3.77776376
 5695000 3.81969196
 5700000 4.45498039
 5705000 4.98809037
 5710000 4.14705095
 5715000 4.17181183
 5720000 4.06754238
 5725000 4.5969896
 5730000 4.31202959
 5735000 4.63957832
 5740000 5.30810891
 5745000 4.13094383
 5750000 4.53640292
 5755000 4.1386564
 5760000 4.09913548
 5765000 4.00772305
 5770000 3.86677542
 5775000 4.48813858
 5780000 4.73455368
 5785000 4.48879321
 5790000 4.07845418
 5795000 3.98806553
 5800000 5.15203971
 5805000 3.97132611
 5810000 4.8727295
 5815000 4.68684394
 5820000 4.71926437
 5825000 4.61741981
 5830000 4.46978095
 5835000 3.93875149
 5840000 4.79979946
 5845000 3.9016335
 5850000 4.03853033
 5855000 4.40106898
 5860000 4.03761333
 5865000 4.03868607
 5870000 4.2270768
 5875000 4.581778
 5880000 4.12853457
 5885000 3.92597152
 5890000 4.62026209
 5895000 3.49102132
 5900000 4.24352438
 5905000 3.78760799
 5910000 4.3042496
 5915000 4.34057005
 5920000 3.84935622
 5925000 4.89051404
 5930000 3.50768251
 5935000 3.68845761
 5940000 3.59860156
 5945000 3.54750245
 5950000 3.57503763
 5955000 3.80907352
 5960000 3.91465271
 5965000 4.40953894
 5970000 3.89501759
 5975000 4.72686241
 5980000 4.03767457
 5985000 4.14853238
 5990000 4.09729776
 5995000 4.54687255
 6000000 3.70383091
 6005000 4.25788857
 6010000 4.63102383
 6015000 4.26497046
 6020000 3.59432418
 6025000 3.43701074
 6030000 4.43948044
 6035000 3.98953245
 6040000 4.41104438
 6045000 3.87099275
 6050000 3.96103613
 6055000 3.30865752
 6060000 4.34151407
 6065000 3.88301779
 6070000 3.70826015
 6075000 3.9892999
 6080000 3.65219286
 6085000 3.90535616
 6090000 3.66499075
 6095000 3.85664364
 6100000 4.04672126
 6105000 4.46382028
 6110000 4.18779733
 6115000 3.717049
 6120000 4.16496979
 6125000 3.72006874
 6130000 4.09328244
 6135000 3.66853844
 6140000 4.10753046
 6145000 3.86506647
 6150000 4.2091472
 6155000 4.00205265
 6160000 4.26315911
 6165000 4.05207674
 6170000 4.10482348
 6175000 3.88897993
 6180000 3.82588743
 6185000 4.13183753
 6190000 4.331091
 6195000 4.07799547
 6200000 3.84167415
 6205000 4.40772788
 6210000 3.63946946
 6215000 3.62535774
 6220000 3.75828183
 6225000 4.30922736
 6230000 5.00446225
 6235000 4.00401648
 6240000 4.04715527
 6245000 4.20286009
 6250000 4.39452799
 6255000 3.99406425
 6260000 3.86568352
 6265000 4.00069961
 6270000 3.54561439
 6275000 3.72827699
 6280000 3.83593384
 6285000 3.82470559
 6290000 3.55543748
 6295000 4.4902493
 6300000 4.42866311
 6305000 4.27186428
 6310000 4.33421544
 6315000 4.33418079
 6320000 4.23342064
 6325000 3.93482744
 6330000 4.42310283
 6335000 4.64494988
 6340000 3.84367803
 6345000 4.09723032
 6350000 4.26040431
 6355000 3.7818193
 6360000 4.35041018
 6365000 4.12147367
 6370000 4.6412952
 6375000 4.38156245
 6380000 4.60191094
 6385000 4.18570821
 6390000 3.8019211
 6395000 3.95122977
 6400000 4.11386247
 6405000 3.92900731
 6410000 3.88459835
 6415000 4.20395855
 6420000 3.96102029
 6425000 3.68939656
 6430000 4.16343396
 6435000 4.45352823
 6440000 3.73596387
 6445000 4.19434228
 6450000 3.9397653
 6455000 4.01551834
 6460000 3.85885959
 6465000 4.71957301
 6470000 5.18823149
 6475000 4.13889953
 6480000 4.29201909
 6485000 4.25993416
 6490000 3.88084808
 6495000 5.03381685
 6500000 3.71820621
 6505000 3.6966215
 6510000 3.68891015
 6515000 4.17725569
 6520000 3.39484795
 6525000 4.2236856
 6530000 3.8724683
 6535000 3.95703419
 6540000 4.03189044
 6545000 3.89405753
 6550000 3.6806829
 6555000 4.16686218
 6560000 3.09640641
 6565000 4.02442511
 6570000 3.62743986
 6575000 3.75405511
 6580000 3.85964002
 6585000 3.57653229
 6590000 4.4614713
 6595000 3.87826995
 6600000 3.99401344
 6605000 4.11596313
 6610000 3.75083138
 6615000 3.79779327
 6620000 4.07059888
 6625000 4.47512318
 6630000 3.92056517
 6635000 5.32703729
 6640000 5.56808453
 6645000 5.70374192
 6650000 6.08782836
 6655000 5.64540779
 6660000 5.7591624
 6665000 3.6272614
 6670000 3.48866295
 6675000 3.72327974
 6680000 4.04360131
 6685000 4.07175921
 6690000 3.95051161
 6695000 3.62961203
 6700000 3.76825482
 6705000 3.83460817
 6710000 3.80635394
 6715000 3.77759241
 6720000 4.74686689
 6725000 3.90316203
 6730000 3.98059623
 6735000 4.65812065
 6740000 4.20650132
 6745000 4.44731152
 6750000 3.52493803
 6755000 4.31026382
 6760000 4.51622733
 6765000 3.6540773
 6770000 3.80781876
 6775000 3.0777097
 6780000 3.41181323
 6785000 3.7927294
 6790000 3.50672993
 6795000 3.0842157
 6800000 3.38658008
 6805000 3.77335092
 6810000 3.44065774
 6815000 3.49261567
 6820000 3.75010833
 6825000 4.15066742
 6830000 3.57993816
 6835000 3.97895859
 6840000 4.16594591
 6845000 3.08416515
 6850000 3.63896532
 6855000 3.62236068
 6860000 3.81577061
 6865000 3.74576695
 6870000 3.82054412
 6875000 3.75687522
 6880000 3.61954572
 6885000 3.21300421
 6890000 2.67918909
 6895000 3.91458941
 6900000 3.30246775
 6905000 3.86605903
 6910000 4.25324905
 6915000 4.0721925
 6920000 4.57899201
 6925000 3.9572897
 6930000 3.98780457
 6935000 3.75317979
 6940000 4.87223712
 6945000 4.15191082
 6950000 4.01461095
 6955000 3.76797605
 6960000 3.68327993
 6965000 3.53753068
 6970000 4.0860331
 6975000 4.29026319
 6980000 4.36650125
 6985000 4.26610638
 6990000 4.16832006
 6995000 4.05207016
 7000000 4.80384646
 7005000 4.8368624
 7010000 4.16580627
 7015000 4.16442993
 7020000 4.20897708
 7025000 4.43296867
 7030000 4.53745813
 7035000 4.61433858
 7040000 4.60130816
 7045000 3.93501789
 7050000 4.27764563
 7055000 4.14113511
 7060000 4.70890943
 7065000 3.96220295
 7070000 4.84088617
 7075000 4.20875523
 7080000 5.69450227
 7085000 5.55668934
 7090000 5.75429734
 7095000 6.24724566
 7100000 4.13789499
 7105000 4.77836719
 7110000 6.49204866
 7115000 6.88785672
 7120000 6.54506156
 7125000 7.01543001
 7130000 7.54157343
 7135000 6.8671284
 7140000 7.78796365
 7145000 7.47354126
 7150000 6.63058067
 7155000 7.17216704
 7160000 7.17832673
 7165000 7.54397448
 7170000 7.14766595
 7175000 8.23009897
 7180000 7.20073042
 7185000 7.59416906
 7190000 7.75614347
 7195000 6.85505205
 7200000 5.95654264
 7205000 6.00960404
 7210000 5.8246446
 7215000 6.36141166
 7220000 5.80119698
 7225000 4.25485738
 7230000 5.14520498
 7235000 4.12063863
 7240000 4.75164141
 7245000 3.81821296
 7250000 3.93115671
 7255000 4.03864358
 7260000 3.91115522
 7265000 3.75530844
 7270000 3.82091598
 7275000 3.99232821
 7280000 3.93786968
 7285000 4.02794241
 7290000 4.40825949
 7295000 4.73163661
 7300000 4.78591664
 7305000 4.47242635
 7310000 4.400525
 7315000 4.19599044
 7320000 4.09232025
 7325000 4.49909053
 7330000 4.39745069
 7335000 4.43972295
 7340000 4.01748038
 7345000 4.42571682
 7350000 3.95979699
 7355000 4.88561921
 7360000 4.32894985
 7365000 4.57695085
 7370000 5.29355528
 7375000 4.9637943
 7380000 4.11354371
 7385000 4.05713403
 7390000 4.07977693
 7395000 3.78959579
 7400000 3.69112039
 7405000 4.18090733
 7410000 4.44790691
 7415000 5.82493921
 7420000 6.33756207
 7425000 5.77607844
 7430000 4.03331751
 7435000 4.13755757
 7440000 3.75243314
 7445000 3.8078918
 7450000 4.19314725
 7455000 3.89296537
 7460000 4.28834806
 7465000 4.92586708
 7470000 5.17790969
 7475000 4.68061277
 7480000 4.24528971
 7485000 4.25501759
 7490000 5.32490241
 7495000 5.21094276
 7500000 4.10929633
 7505000 4.13699608
 7510000 5.37115258
 7515000 4.38229254
 7520000 3.89444274
 7525000 4.42061503
 7530000 4.23372648
 7535000 4.08508297
 7540000 4.85240804
 7545000 6.18376826
 7550000 5.58786275
 7555000 4.33601819
 7560000 5.18191742
 7565000 3.8386717
 7570000 4.17941905
 7575000 4.47482414
 7580000 4.85688804
 7585000 5.05047083
 7590000 5.64019201
 7595000 4.32418278
 7600000 5.39635348
 7605000 5.15467376
 7610000 4.11918949
 7615000 4.16468364
 7620000 4.07593885
 7625000 3.53196017
 7630000 3.84792242
 7635000 4.20830384
 7640000 4.17668855
 7645000 4.14032772
 7650000 4.01329613
 7655000 3.92734797
 7660000 3.97351417
 7665000 4.13159438
 7670000 5.16982086
 7675000 3.97131509
 7680000 4.52367064
 7685000 4.15473606
 7690000 4.11488635
 7695000 5.02065016
 7700000 4.58727994
 7705000 3.95348769
 7710000 3.94874867
 7715000 4.13485189
 7720000 3.99636582
 7725000 4.31152143
 7730000 4.23615689
 7735000 4.43593932
 7740000 3.57515496
 7745000 4.00909927
 7750000 4.07386209
 7755000 4.54607975
 7760000 3.54813915
 7765000 3.94646097
 7770000 4.46918276
 7775000 4.03052669
 7780000 4.74196867
 7785000 3.79270678
 7790000 3.84229036
 7795000 3.93385424
 7800000 4.20000841
 7805000 3.59529521
 7810000 4.32252992
 7815000 4.15314089
 7820000 4.27449285
 7825000 3.69139626
 7830000 3.69793886
 7835000 3.28452141
 7840000 3.49792209
 7845000 3.57658064
 7850000 3.2887427
 7855000 3.62771228
 7860000 3.70045825
 7865000 4.01411073
 7870000 4.54936631
 7875000 3.57066956
 7880000 3.97765876
 7885000 4.04705454
 7890000 3.80409485
 7895000 4.60086734
 7900000 4.17838362
 7905000 3.87007349
 7910000 4.02182499
 7915000 3.97313669
 7920000 3.18035482
 7925000 4.12354836
 7930000 3.98510465
 7935000 4.09159884
 7940000 4.05988973
 7945000 4.22725209
 7950000 3.82634326
 7955000 4.47618228
 7960000 4.55683338
 7965000 3.97154703
 7970000 3.91357314
 7975000 4.05981628
 7980000 3.86808659
 7985000 4.08394447
 7990000 4.32347789
 7995000 4.35367347
 8000000 3.56909337
 8005000 4.37148007
 8010000 3.87437015
 8015000 3.44731628
 8020000 4.06383311
 8025000 4.20510558
 8030000 3.97251693
 8035000 3.32890053
 8040000 3.79992855
 8045000 4.0984708
 8050000 4.39281374
 8055000 4.02435564
 8060000 4.95237444
 8065000 4.06550482
 8070000 3.92310988
 8075000 4.00566164
 8080000 5.00044619
 8085000 4.89437334
 8090000 5.03203227
 8095000 3.81438005
 8100000 4.95189105
 8105000 3.96849695
 8110000 4.09283085
 8115000 3.80030321
 8120000 4.0061299
 8125000 4.28719748
 8130000 4.1332473
 8135000 4.23080703
 8140000 4.45145764
 8145000 5.37943198
 8150000 4.34962768
 8155000 5.03593126
 8160000 3.86588219
 8165000 4.18905773
 8170000 5.54329956
 8175000 6.69490523
 8180000 5.97154796
 8185000 6.70268497
 8190000 5.60562787
 8195000 5.61707114
 8200000 7.77647238
 8205000 6.29535261
 8210000 5.38035183
 8215000 6.12015194
 8220000 6.4222165
 8225000 5.71290645
 8230000 6.69007076
 8235000 6.57351917
 8240000 5.88926971
 8245000 5.73510402
 8250000 5.97002371
 8255000 6.14925224
 8260000 5.27421435
 8265000 6.52118394
 8270000 5.72199488
 8275000 5.00805256
 8280000 5.72727569
 8285000 5.67034101
 8290000 5.95649884
 8295000 6.2735182
 8300000 7.0008812
 8305000 6.02291725
 8310000 6.21411191
 8315000 5.86264883
 8320000 5.65920949
 8325000 5.97329753
 8330000 4.61671523
 8335000 5.50195922
 8340000 6.36996511
 8345000 5.96647661
 8350000 5.09790277
 8355000 5.09482578
 8360000 5.93693776
 8365000 5.75860506
 8370000 5.35543935
 8375000 6.15139755
 8380000 4.79832446
 8385000 6.15089603
 8390000 5.4456454
 8395000 5.86558156
 8400000 4.98259461
 8405000 4.84466123
 8410000 4.4826803
 8415000 5.0887552
 8420000 5.58029884
 8425000 5.36247859
 8430000 5.11643849
 8435000 6.52024657
 8440000 4.27543486
 8445000 5.35337499
 8450000 5.20256598
 8455000 5.00784675
 8460000 4.99476915
 8465000 5.26146896
 8470000 4.34296426
 8475000 6.07847629
 8480000 4.73287233
 8485000 5.30894477
 8490000 5.36650868
 8495000 4.40899123
 8500000 4.04221536
 8505000 5.02569958
 8510000 4.8916983
 8515000 5.03947139
 8520000 3.79663528
 8525000 5.19625091
 8530000 4.83430673
 8535000 5.56155197
 8540000 5.47480378
 8545000 5.32267185
 8550000 5.80610233
 8555000 5.963763
 8560000 4.88234396
 8565000 5.2118548
 8570000 5.4672299
 8575000 5.74653366
 8580000 5.35985348
 8585000 4.29969951
 8590000 5.44623712
 8595000 5.43328254
 8600000 5.8870563
 8605000 5.27643131
 8610000 5.25687527
 8615000 5.556077
 8620000 5.51193833
 8625000 4.24828346
 8630000 5.52980419
 8635000 4.38742306
 8640000 6.30870344
 8645000 6.43003029
 8650000 5.65623497
 8655000 4.78293376
 8660000 5.41853553
 8665000 5.17736245
 8670000 5.20420407
 8675000 5.3545117
 8680000 5.73124724
 8685000 6.7992706
 8690000 5.0566277
 8695000 5.55473024
 8700000 4.10634536
 8705000 4.90008654
 8710000 4.27823495
 8715000 4.59796974
 8720000 6.59099375
 8725000 6.44788427
 8730000 6.46764172
 8735000 4.1792771
 8740000 4.74537086
 8745000 5.45099644
 8750000 4.70549358
 8755000 4.81595776
 8760000 6.46677815
 8765000 5.51684245
 8770000 5.09415188
 8775000 5.83608849
 8780000 6.05099898
 8785000 5.99087426
 8790000 5.64330343
 8795000 5.8810089
 8800000 5.72038973
 8805000 5.22950868
 8810000 4.28957612
 8815000 5.08527667
 8820000 4.81624558
 8825000 6.33905876
 8830000 6.06143638
 8835000 5.78798032
 8840000 4.92913485
 8845000 4.64703466
 8850000 4.98818056
 8855000 5.51096701
 8860000 5.65671535
 8865000 4.9148911
 8870000 5.98737808
 8875000 5.5976579
 8880000 4.48587078
 8885000 5.47798323
 8890000 6.26029376
 8895000 6.20553737
 8900000 5.77280156
 8905000 4.79723071
 8910000 5.00829806
 8915000 5.35964287
 8920000 4.89002536
 8925000 5.15266195
 8930000 4.88458505
 8935000 5.6382626
 8940000 5.31598137
 8945000 5.40064469
 8950000 6.4966893
 8955000 6.76916035
 8960000 6.32814125
 8965000 5.79644978
 8970000 7.38824703
 8975000 5.86453662
 8980000 6.15679472
 8985000 6.57219947
 8990000 6.39102507
 8995000 5.08295101
 9000000 4.67592377
 9005000 5.32117713
 9010000 4.57740113
 9015000 6.54609003
 9020000 5.46820149
 9025000 5.16628642
 9030000 5.78052454
 9035000 6.10600567
 9040000 6.1806558
 9045000 6.35278348
 9050000 7.47025697
 9055000 5.68541182
 9060000 6.7782328
 9065000 6.27624549
 9070000 5.30282622
 9075000 5.26240203
 9080000 6.32879593
 9085000 5.22404566
 9090000 4.45941927
 9095000 5.36482267
 9100000 4.69709566
 9105000 4.60805374
 9110000 5.4740747
 9115000 6.9027868
 9120000 5.90074926
 9125000 6.88516505
 9130000 6.82270645
 9135000 5.26963083
 9140000 6.2023564
 9145000 5.40221542
 9150000 5.1246078
 9155000 7.07921327
 9160000 5.18113651
 9165000 5.51318963
 9170000 4.84363121
 9175000 5.1631602
 9180000 4.58213577
 9185000 5.94150535
 9190000 4.71698844
 9195000 5.41313977
 9200000 5.96759947
 9205000 5.3351585
 9210000 5.78065985
 9215000 5.57845238
 9220000 5.56384201
 9225000 6.50711138
 9230000 6.26821618
 9235000 7.22457251
 9240000 6.42053019
 9245000 7.6838338
 9250000 7.42411853
 9255000 6.81472584
 9260000 6.3775106
 9265000 6.5229166
 9270000 6.07512126
 9275000 5.74739829
 9280000 6.56530565
 9285000 6.16760401
 9290000 6.0328273
 9295000 6.62208062
 9300000 7.3084067
 9305000 6.08693738
 9310000 5.86591817
 9315000 6.21037169
 9320000 5.57354922
 9325000 5.08522183
 9330000 4.97938459
 9335000 5.05054045
 9340000 5.447023
 9345000 5.39761645
 9350000 4.68234624
 9355000 5.1352826
 9360000 6.17973674
 9365000 6.15344517
 9370000 5.77956861
 9375000 4.71483194
 9380000 5.57464351
 9385000 6.5130674
 9390000 5.17831356
 9395000 7.11539396
 9400000 5.34741148
 9405000 7.39075931
 9410000 6.23712614
 9415000 5.59295359
 9420000 5.30967935
 9425000 6.2054718
 9430000 6.30766367
 9435000 7.02381516
 9440000 5.9080422
 9445000 5.88810514
 9450000 5.70782692
 9455000 5.46626943
 9460000 4.89732686
 9465000 6.56365764
 9470000 6.45460618
 9475000 6.38494078
 9480000 6.02462032
 9485000 6.08129619
 9490000 5.82333329
 9495000 7.270879
 9500000 6.62131531
 9505000 5.29534555
 9510000 6.141743
 9515000 5.49015607
 9520000 4.77566735
 9525000 5.74160521
 9530000 6.65542742
 9535000 5.65972478
 9540000 5.8360722
 9545000 7.63377793
 9550000 6.21116862
 9555000 6.77172225
 9560000 5.38621306
 9565000 6.16890535
 9570000 5.57863035
 9575000 6.94482746
 9580000 8.05445359
 9585000 6.72828027
 9590000 7.55113297
 9595000 6.86521194
 9600000 6.76367991
 9605000 6.53871833
 9610000 6.24465463
 9615000 6.49384607
 9620000 4.40675813
 9625000 6.81463996
 9630000 6.23122419
 9635000 6.71903945
 9640000 5.82632896
 9645000 5.53055131
 9650000 5.31547483
 9655000 6.03084418
 9660000 8.14252432
 9665000 6.82848452
 9670000 6.18304128
 9675000 6.14082271
 9680000 6.52185679
 9685000 5.75032384
 9690000 6.56629034
 9695000 6.4311459
 9700000 6.96500714
 9705000 5.48992981
 9710000 5.66997225
 9715000 6.62259568
 9720000 6.72187553
 9725000 6.4070917
 9730000 6.64559902
 9735000 7.08293157
 9740000 8.24859533
 9745000 9.10946372
 9750000 7.3826791
 9755000 8.22008544
 9760000 8.4230198
 9765000 8.92256642
 9770000 7.80534432
 9775000 8.50840206
 9780000 8.38672739
 9785000 5.30885337
 9790000 6.29180874
 9795000 6.02540061
 9800000 5.81664392
 9805000 5.29186534
 9810000 5.5704286
 9815000 5.81341097
 9820000 6.2160931
 9825000 6.07320765
 9830000 4.09950784
 9835000 5.0033273
 9840000 5.04741717
 9845000 4.56138868
 9850000 4.70305364
 9855000 5.89399057
 9860000 6.65650496
 9865000 6.1646145
 9870000 4.66300798
 9875000 4.89427835
 9880000 5.39837942
 9885000 5.10873624
 9890000 5.32887863
 9895000 5.40894295
 9900000 5.61532669
 9905000 6.62064269
 9910000 4.58722057
 9915000 5.9599166
 9920000 4.96645515
 9925000 6.08144914
 9930000 5.05445782
 9935000 6.08126948
 9940000 5.49013608
 9945000 4.72828035
 9950000 6.34577031
 9955000 5.90501912
 9960000 6.05669501
 9965000 5.60151405
 9970000 6.24261282
 9975000 5.27805495
 9980000 6.34536122
 9985000 4.30552279
 9990000 7.329311
 9995000 6.15009951
 10000000 6.5414263
 10005000 5.15488508
 10010000 5.26397984
 10015000 6.19890463
 10020000 7.21891463
 10025000 6.8934859
 10030000 6.95232342
 10035000 7.51604849
 10040000 5.64914439
 10045000 5.49766351
 10050000 5.63295274
 10055000 6.33406055
 10060000 5.92260787
 10065000 7.04303765
 10070000 6.85402058
 10075000 6.71422804
 10080000 5.27729557
 10085000 6.1412373
 10090000 5.31171558
 10095000 6.42097532
 10100000 5.21841568
 10105000 6.42303066
 10110000 7.76519697
 10115000 8.14727185
 10120000 5.89604617
 10125000 6.358619
 10130000 5.21992582
 10135000 4.94876481
 10140000 5.82364121
 10145000 5.56361434
 10150000 5.296633
 10155000 4.49776848
 10160000 5.89465813
 10165000 5.71130084
 10170000 6.4915404
 10175000 7.22442087
 10180000 7.22513315
 10185000 7.79180863
 10190000 8.14925694
 10195000 7.95729374
 10200000 6.50738361
 10205000 6.98885905
 10210000 6.43507937
 10215000 4.71461382
 10220000 6.16922095
 10225000 6.11682969
 10230000 8.11401542
 10235000 6.52077138
 10240000 7.90672001
 10245000 6.23848445
 10250000 7.50019143
 10255000 6.48267437
 10260000 6.47303025
 10265000 6.23980661
 10270000 6.81446427
 10275000 7.05905356
 10280000 6.72740137
 10285000 6.64034981
 10290000 6.49918955
 10295000 5.37534022
 10300000 6.44544051
 10305000 7.86041635
 10310000 7.71930322
 10315000 8.04004512
 10320000 6.52481825
 10325000 7.83215373
 10330000 7.1125052
 10335000 6.71462526
 10340000 6.93515538
 10345000 6.37830372
 10350000 6.90513051
 10355000 6.25055985
 10360000 5.75759692
 10365000 6.97709438
 10370000 8.0748807
 10375000 8.26980497
 10380000 8.57827332
 10385000 7.85515404
 10390000 6.22039826
 10395000 7.7181975
 10400000 8.50551559
 10405000 8.33814229
 10410000 6.85527573
 10415000 7.19708812
 10420000 7.67404512
 10425000 7.92512431
 10430000 7.77237672
 10435000 7.62745813
 10440000 7.47130286
 10445000 6.39341072
 10450000 7.01798748
 10455000 6.95031266
 10460000 6.34163023
 10465000 7.44814277
 10470000 7.61763428
 10475000 6.79267887
 10480000 8.08476762
 10485000 6.8134953
 10490000 6.15769372
 10495000 5.50812694
 10500000 5.84108298
 10505000 6.58802532
 10510000 6.11318605
 10515000 6.51239183
 10520000 7.23987948
 10525000 6.26339625
 10530000 7.02969534
 10535000 7.32293153
 10540000 7.20065399
 10545000 6.62704388
 10550000 7.30052313
 10555000 6.24330526
 10560000 8.04308748
