 MINIMUM DISTANCE BETWEEN 16-133
 570000 8.42771408
 575000 8.94167266
 580000 8.96065022
 585000 9.86571944
 590000 9.01486723
 595000 8.35670946
 600000 9.54931304
 605000 9.71625708
 610000 7.80104523
 615000 10.3863224
 620000 9.18116673
 625000 9.3427038
 630000 9.81666094
 635000 10.0855936
 640000 10.438245
 645000 9.80958342
 650000 8.67230973
 655000 9.65879957
 660000 9.13250453
 665000 9.07242709
 670000 8.95845221
 675000 10.3782224
 680000 9.39660128
 685000 9.03215328
 690000 9.08038697
 695000 10.0577722
 700000 9.19336778
 705000 9.89792539
 710000 9.5673698
 715000 9.64876295
 720000 9.75738475
 725000 8.81804794
 730000 8.93226213
 735000 8.22896294
 740000 8.71917717
 745000 8.8561923
 750000 8.48208222
 755000 8.49444985
 760000 9.16260131
 765000 8.16780211
 770000 8.02971528
 775000 8.09194342
 780000 7.88121316
 785000 7.92950182
 790000 8.65045714
 795000 8.68293457
 800000 9.2449055
 805000 7.94355924
 810000 7.77051207
 815000 7.89648526
 820000 8.23714806
 825000 8.29423258
 830000 8.8732099
 835000 8.48408964
 840000 9.78676086
 845000 8.78022625
 850000 9.05498654
 855000 8.01447694
 860000 8.30850171
 865000 8.8927115
 870000 7.92361774
 875000 8.39849714
 880000 8.02515014
 885000 8.02797301
 890000 7.80431977
 895000 8.51182031
 900000 8.15227864
 905000 8.21668645
 910000 8.10341643
 915000 8.43897003
 920000 8.56460265
 925000 8.53325132
 930000 8.23832522
 935000 9.06552943
 940000 8.76816163
 945000 8.89923115
 950000 8.54779956
 955000 8.22753171
 960000 9.40501575
 965000 9.52128952
 970000 9.8185735
 975000 8.6354746
 980000 9.49340645
 985000 10.0311639
 990000 8.80433054
 995000 9.58848367
 1000000 9.0987465
 1005000 9.01410075
 1010000 9.70626857
 1015000 8.46771769
 1020000 8.42345063
 1025000 9.05112707
 1030000 9.34137528
 1035000 8.68291065
 1040000 7.74435269
 1045000 9.27273287
 1050000 8.40906581
 1055000 9.10509211
 1060000 8.72682332
 1065000 7.61165867
 1070000 8.58573684
 1075000 8.30061603
 1080000 8.67992314
 1085000 8.37692271
 1090000 8.62192863
 1095000 8.58184214
 1100000 8.65063962
 1105000 8.5519639
 1110000 9.20299234
 1115000 8.09120005
 1120000 8.29498631
 1125000 8.9607588
 1130000 8.62522744
 1135000 8.00186638
 1140000 8.1680844
 1145000 7.74947927
 1150000 7.54395698
 1155000 7.79265017
 1160000 7.10270274
 1165000 8.19476459
 1170000 8.90281034
 1175000 7.76321269
 1180000 7.61178324
 1185000 8.76259065
 1190000 7.85124753
 1195000 6.85960375
 1200000 7.3458194
 1205000 7.864986
 1210000 7.53686793
 1215000 8.58267391
 1220000 8.26971753
 1225000 7.97666416
 1230000 7.81101719
 1235000 7.62363823
 1240000 7.21776818
 1245000 7.37460232
 1250000 7.87633953
 1255000 7.88838802
 1260000 7.08468709
 1265000 7.30625831
 1270000 7.33753127
 1275000 7.89952402
 1280000 7.82087546
 1285000 8.82112396
 1290000 7.94748753
 1295000 7.13461318
 1300000 6.64125246
 1305000 7.93017168
 1310000 7.01057403
 1315000 7.20197829
 1320000 7.10614891
 1325000 7.94598171
 1330000 7.28363331
 1335000 6.99396522
 1340000 7.39352938
 1345000 7.03829724
 1350000 7.26726411
 1355000 6.98403448
 1360000 7.03415852
 1365000 6.58485271
 1370000 7.02226172
 1375000 7.5009889
 1380000 7.26188344
 1385000 7.05198748
 1390000 7.50415563
 1395000 7.40252107
 1400000 6.77156564
 1405000 7.54027131
 1410000 7.36546691
 1415000 7.21412689
 1420000 7.61805458
 1425000 7.40219787
 1430000 7.8739413
 1435000 8.2201367
 1440000 6.75835053
 1445000 9.00981221
 1450000 7.51099386
 1455000 7.49875236
 1460000 7.78865335
 1465000 7.03945085
 1470000 6.91823177
 1475000 6.97219927
 1480000 8.22506516
 1485000 7.42846585
 1490000 6.98105249
 1495000 6.99538604
 1500000 7.19546881
 1505000 7.83472388
 1510000 7.83926118
 1515000 7.97608442
 1520000 7.88996355
 1525000 7.27200344
 1530000 7.13261028
 1535000 8.1491089
 1540000 6.99070011
 1545000 7.85001804
 1550000 7.41577385
 1555000 7.58781354
 1560000 7.82843722
 1565000 7.82144812
 1570000 7.35072171
 1575000 8.8288921
 1580000 8.23463335
 1585000 8.38004761
 1590000 8.68863817
 1595000 9.23252032
 1600000 7.80110686
 1605000 8.82948446
 1610000 9.19283108
 1615000 9.33290642
 1620000 8.43024369
 1625000 8.59540335
 1630000 8.29549915
 1635000 8.24346346
 1640000 7.95516384
 1645000 8.46590474
 1650000 7.46242211
 1655000 8.19988865
 1660000 7.86022005
 1665000 7.57704552
 1670000 7.90749432
 1675000 7.67504136
 1680000 8.17700369
 1685000 8.20164657
 1690000 8.51220518
 1695000 7.56114283
 1700000 8.08633123
 1705000 7.5000149
 1710000 7.66430595
 1715000 7.70046267
 1720000 7.79375333
 1725000 7.79512881
 1730000 7.03897363
 1735000 7.58217389
 1740000 7.36661771
 1745000 7.87460086
 1750000 7.46124545
 1755000 7.7492109
 1760000 7.40518678
 1765000 7.25769803
 1770000 7.29947256
 1775000 7.68558896
 1780000 8.17486118
 1785000 7.65032484
 1790000 7.56623074
 1795000 7.05848871
 1800000 7.16054389
 1805000 8.02097438
 1810000 7.78536995
 1815000 7.75303241
 1820000 6.88027684
 1825000 7.15516803
 1830000 7.22328612
 1835000 7.5214505
 1840000 7.41186943
 1845000 7.41902506
 1850000 7.88522567
 1855000 7.33811384
 1860000 7.58327852
 1865000 8.07620723
 1870000 7.95713173
 1875000 7.99618723
 1880000 7.66557308
 1885000 7.82480082
 1890000 8.2188889
 1895000 8.14260823
 1900000 7.64736962
 1905000 7.66410542
 1910000 8.15205394
 1915000 7.43126247
 1920000 7.78495889
 1925000 8.00896651
 1930000 8.0349154
 1935000 7.02091279
 1940000 7.73837823
 1945000 6.61142154
 1950000 7.29018039
 1955000 8.09148635
 1960000 8.21250017
 1965000 8.08912481
 1970000 8.31865307
 1975000 7.70364744
 1980000 7.68787091
 1985000 7.68497939
 1990000 7.51079329
 1995000 7.15351591
 2000000 7.57048034
 2005000 8.54197415
 2010000 8.09533796
 2015000 8.71968096
 2020000 8.07787549
 2025000 8.09224015
 2030000 7.70083642
 2035000 8.14025563
 2040000 8.29918037
 2045000 7.32108386
 2050000 7.92946502
 2055000 8.17169954
 2060000 8.14953663
 2065000 8.28881999
 2070000 7.45546169
 2075000 8.57876171
 2080000 8.31038087
 2085000 8.51689596
 2090000 8.58964569
 2095000 7.97844812
 2100000 8.23334536
 2105000 7.81354085
 2110000 8.42580762
 2115000 8.39149777
 2120000 8.21147365
 2125000 7.72488303
 2130000 7.53560994
 2135000 7.5092077
 2140000 8.30523643
 2145000 8.34216979
 2150000 8.44672618
 2155000 7.99484951
 2160000 8.15006646
 2165000 7.84182426
 2170000 8.10496764
 2175000 7.75220583
 2180000 7.92491289
 2185000 7.37716306
 2190000 7.75849866
 2195000 7.25319464
 2200000 7.67118427
 2205000 7.2120571
 2210000 7.62800404
 2215000 6.91808556
 2220000 6.83417792
 2225000 7.5400106
 2230000 7.90516519
 2235000 7.44960417
 2240000 7.79612275
 2245000 8.32908732
 2250000 7.38999748
 2255000 6.2300046
 2260000 6.6732804
 2265000 7.22205128
 2270000 7.35409418
 2275000 8.95458662
 2280000 7.8225943
 2285000 6.85550027
 2290000 8.08551562
 2295000 7.1781826
 2300000 6.57788294
 2305000 7.1856548
 2310000 7.13707873
 2315000 7.76995425
 2320000 7.96361378
 2325000 7.47460645
 2330000 6.79339862
 2335000 7.84963949
 2340000 7.03966692
 2345000 7.68976334
 2350000 6.88925127
 2355000 7.01192138
 2360000 8.21837227
 2365000 7.94752487
 2370000 8.2150265
 2375000 7.85927778
 2380000 8.17928722
 2385000 7.25896887
 2390000 7.03937796
 2395000 7.72477232
 2400000 7.96233183
 2405000 7.96907457
 2410000 8.28098231
 2415000 7.38444731
 2420000 8.43877574
 2425000 8.06847875
 2430000 6.89279294
 2435000 6.62702262
 2440000 6.9085013
 2445000 7.36459646
 2450000 7.44984712
 2455000 7.85597043
 2460000 7.82136202
 2465000 7.07142356
 2470000 7.8069857
 2475000 7.3784524
 2480000 7.55849468
 2485000 7.78508047
 2490000 7.81497922
 2495000 7.63560333
 2500000 8.38734619
 2505000 7.76259382
 2510000 7.62564172
 2515000 7.9329616
 2520000 7.09751344
 2525000 7.38638265
 2530000 8.20402041
 2535000 7.99320607
 2540000 7.55028603
 2545000 7.64814889
 2550000 8.62633498
 2555000 7.98432824
 2560000 8.50776818
 2565000 8.20293242
 2570000 8.56735571
 2575000 8.22589051
 2580000 8.55929155
 2585000 8.46315103
 2590000 9.4246861
 2595000 9.7636769
 2600000 9.9069901
 2605000 9.8831885
 2610000 9.19723693
 2615000 9.34331129
 2620000 9.761408
 2625000 9.59684346
 2630000 9.71464382
 2635000 9.32337528
 2640000 7.59728819
 2645000 7.7353391
 2650000 8.03892924
 2655000 7.23980679
 2660000 8.21524345
 2665000 9.14008233
 2670000 8.26421569
 2675000 9.2987019
 2680000 9.0729917
 2685000 8.66288565
 2690000 7.91318805
 2695000 8.44635138
 2700000 7.93488814
 2705000 8.26222337
 2710000 7.7205288
 2715000 7.80296565
 2720000 8.15398051
 2725000 7.79675674
 2730000 7.20710474
 2735000 8.13038584
 2740000 7.78932655
 2745000 7.57459714
 2750000 7.3899333
 2755000 7.41401549
 2760000 7.54168526
 2765000 7.15174893
 2770000 7.78790026
 2775000 7.37286778
 2780000 7.32782141
 2785000 8.05482319
 2790000 8.5982984
 2795000 8.47928364
 2800000 8.86508773
 2805000 7.88313867
 2810000 7.68198949
 2815000 8.30068077
 2820000 8.04647537
 2825000 7.83609355
 2830000 7.69769276
 2835000 8.71435853
 2840000 8.05038551
 2845000 8.29174706
 2850000 7.46641214
 2855000 7.99638692
 2860000 7.22524013
 2865000 7.25187479
 2870000 7.447276
 2875000 7.16218855
 2880000 7.19062169
 2885000 7.90779194
 2890000 6.99986138
 2895000 7.4673348
 2900000 7.84205657
 2905000 7.79177447
 2910000 8.6478711
 2915000 8.7827158
 2920000 7.12665991
 2925000 7.38846501
 2930000 6.90278192
 2935000 7.87712606
 2940000 6.74902953
 2945000 6.21630903
 2950000 5.74651064
 2955000 5.49939252
 2960000 7.0634871
 2965000 6.44536784
 2970000 6.91341834
 2975000 7.32412716
 2980000 7.34913681
 2985000 7.65134578
 2990000 7.64240833
 2995000 8.10569768
 3000000 7.42952455
 3005000 8.12834846
 3010000 7.69044169
 3015000 8.01303323
 3020000 7.73197743
 3025000 7.73851526
 3030000 6.47413784
 3035000 6.8338801
 3040000 6.05231893
 3045000 6.87829757
 3050000 7.77148739
 3055000 7.89102765
 3060000 7.11475514
 3065000 6.99737887
 3070000 8.28446994
 3075000 7.90625686
 3080000 6.86943874
 3085000 7.49083172
 3090000 7.93823661
 3095000 7.45049997
 3100000 7.57273933
 3105000 7.54471673
 3110000 7.20186533
 3115000 7.63578204
 3120000 6.76517858
 3125000 7.92695186
 3130000 7.36691415
 3135000 7.75260775
 3140000 7.89958959
 3145000 7.43064741
 3150000 7.76258117
 3155000 6.1109272
 3160000 7.39536216
 3165000 7.68297259
 3170000 7.91865762
 3175000 7.81901668
 3180000 8.6411464
 3185000 8.59087556
 3190000 7.14209288
 3195000 7.99648641
 3200000 8.19802432
 3205000 7.97794616
 3210000 7.75243649
 3215000 8.11271687
 3220000 8.15088937
 3225000 7.31930176
 3230000 8.10935555
 3235000 7.76190881
 3240000 8.0454623
 3245000 8.15495353
 3250000 7.63771554
 3255000 7.99303518
 3260000 8.07617611
 3265000 7.93259286
 3270000 7.2929774
 3275000 8.03859037
 3280000 8.18577675
 3285000 7.72189374
 3290000 7.65499819
 3295000 7.63115446
 3300000 7.53092853
 3305000 7.44352343
 3310000 7.86425839
 3315000 7.39583488
 3320000 7.44422127
 3325000 8.38459228
 3330000 8.50101999
 3335000 7.72650986
 3340000 9.1881419
 3345000 8.19978476
 3350000 8.26342558
 3355000 8.53710786
 3360000 8.22323467
 3365000 7.69112783
 3370000 7.54031979
 3375000 7.73419262
 3380000 8.48501297
 3385000 7.77084663
 3390000 6.62953376
 3395000 6.69004671
 3400000 6.79153809
 3405000 7.04903944
 3410000 7.34181623
 3415000 7.04583012
 3420000 6.97975122
 3425000 6.21117867
 3430000 6.79931753
 3435000 7.33620076
 3440000 7.91132137
 3445000 7.31582983
 3450000 7.78850541
 3455000 7.8630571
 3460000 6.12554081
 3465000 7.09810632
 3470000 7.28747176
 3475000 6.4657807
 3480000 6.87250318
 3485000 6.12815703
 3490000 7.07080242
 3495000 8.23409793
 3500000 8.10391043
 3505000 8.42652938
 3510000 7.78770796
 3515000 7.74468939
 3520000 7.10581002
 3525000 7.40976355
 3530000 6.35554672
 3535000 6.13722999
 3540000 6.55019074
 3545000 6.51222913
 3550000 6.11914361
 3555000 6.69142893
 3560000 6.24596191
 3565000 8.02749796
 3570000 6.70545507
 3575000 5.69868
 3580000 6.09596385
 3585000 6.23476495
 3590000 7.79802393
 3595000 6.71155365
 3600000 7.36803235
 3605000 6.73241511
 3610000 6.40460798
 3615000 5.46752083
 3620000 5.13642573
 3625000 6.45727079
 3630000 6.23209443
 3635000 6.00588489
 3640000 7.1351514
 3645000 6.35302165
 3650000 8.12017887
 3655000 7.51912426
 3660000 7.81004519
 3665000 7.58064125
 3670000 7.70901973
 3675000 7.80758905
 3680000 7.34034761
 3685000 7.48648242
 3690000 6.97911663
 3695000 7.41532837
 3700000 7.82752184
 3705000 6.52105979
 3710000 7.79203687
 3715000 7.74521021
 3720000 7.43616776
 3725000 7.63869932
 3730000 7.60669254
 3735000 7.22396476
 3740000 7.62197322
 3745000 7.50364201
 3750000 6.35103746
 3755000 7.16552005
 3760000 6.10317938
 3765000 7.03426247
 3770000 7.12635527
 3775000 5.80161918
 3780000 6.56404817
 3785000 7.98509546
 3790000 7.92525012
 3795000 8.42338776
 3800000 8.41372382
 3805000 7.65847381
 3810000 7.74869193
 3815000 6.72133543
 3820000 6.92472261
 3825000 8.31174998
 3830000 7.34296468
 3835000 7.76889403
 3840000 7.69822089
 3845000 7.47772062
 3850000 7.68277021
 3855000 7.51778524
 3860000 7.38869257
 3865000 7.03548918
 3870000 6.92542764
 3875000 6.96733701
 3880000 7.1817713
 3885000 7.89691686
 3890000 7.29922618
 3895000 7.26732446
 3900000 7.11042784
 3905000 7.93203496
 3910000 7.08717713
 3915000 7.93711242
 3920000 7.73792218
 3925000 7.26569726
 3930000 7.05700607
 3935000 7.12657193
 3940000 8.29415538
 3945000 7.66834621
 3950000 7.71035027
 3955000 7.38540558
 3960000 7.22786979
 3965000 7.03711714
 3970000 6.96453438
 3975000 7.2427667
 3980000 7.27229308
 3985000 7.11002555
 3990000 7.14082302
 3995000 7.55847443
 4000000 7.43132944
 4005000 8.17150949
 4010000 7.81536659
 4015000 8.02704692
 4020000 7.49270368
 4025000 6.86043417
 4030000 7.72850872
 4035000 7.91488601
 4040000 7.54289845
 4045000 7.35637363
 4050000 7.29893712
 4055000 7.46277445
 4060000 9.03878949
 4065000 7.62053227
 4070000 7.74368543
 4075000 7.81343716
 4080000 8.08181687
 4085000 7.77118013
 4090000 8.29390167
 4095000 7.73158262
 4100000 8.09429945
 4105000 8.50490315
 4110000 7.77562253
 4115000 7.4732627
 4120000 8.47718525
 4125000 8.45260561
 4130000 8.27999612
 4135000 8.13763608
 4140000 8.24975929
 4145000 7.76490131
 4150000 7.91304846
 4155000 7.57640708
 4160000 7.66292012
 4165000 8.20712244
 4170000 8.33990252
 4175000 7.66069976
 4180000 6.45926347
 4185000 7.27313995
 4190000 7.75119324
 4195000 8.47902309
 4200000 7.54827357
 4205000 8.61278144
 4210000 7.50249358
 4215000 8.667778
 4220000 7.56275494
 4225000 8.50968944
 4230000 8.5305411
 4235000 7.52256535
 4240000 7.69698586
 4245000 7.48423029
 4250000 7.42073292
 4255000 7.42585975
 4260000 7.34749731
 4265000 8.00227205
 4270000 7.19358693
 4275000 6.23365968
 4280000 6.5643635
 4285000 7.49065423
 4290000 7.37450703
 4295000 6.64745536
 4300000 7.01049887
 4305000 6.43425107
 4310000 7.03844449
 4315000 7.80430369
 4320000 7.37140954
 4325000 7.2063305
 4330000 7.45039743
 4335000 7.41481352
 4340000 7.65871284
 4345000 6.81267637
 4350000 6.68747796
 4355000 8.39724834
 4360000 7.24804616
 4365000 5.85493697
 4370000 5.06017313
 4375000 6.95219594
 4380000 7.76772618
 4385000 6.60376379
 4390000 7.26142666
 4395000 7.37499657
 4400000 6.03497757
 4405000 5.46603541
 4410000 6.20904073
 4415000 7.67073924
 4420000 6.46937266
 4425000 6.31102463
 4430000 6.24320485
 4435000 6.77468074
 4440000 7.38656685
 4445000 6.35916924
 4450000 6.88061713
 4455000 7.53620581
 4460000 7.59232086
 4465000 8.89961244
 4470000 8.39986369
 4475000 6.41548725
 4480000 7.98294415
 4485000 7.54429543
 4490000 7.60215992
 4495000 7.0342683
 4500000 8.10296576
 4505000 8.27121012
 4510000 8.09348177
 4515000 6.98561907
 4520000 7.09671678
 4525000 8.41509064
 4530000 7.03663907
 4535000 6.93376339
 4540000 7.17748747
 4545000 7.81819982
 4550000 8.07293898
 4555000 8.5485433
 4560000 6.9676629
 4565000 7.72759343
 4570000 8.50701162
 4575000 7.79578472
 4580000 8.14259422
 4585000 7.38125362
 4590000 7.69373794
 4595000 8.03128806
 4600000 7.54547743
 4605000 8.16065632
 4610000 6.93060976
 4615000 6.66086613
 4620000 7.20627126
 4625000 7.66123933
 4630000 7.8534641
 4635000 7.13223962
 4640000 6.91312726
 4645000 7.11624796
 4650000 7.75963146
 4655000 7.81803694
 4660000 9.2608047
 4665000 8.12169077
 4670000 7.58411128
 4675000 8.27846993
 4680000 7.71568278
 4685000 7.99526608
 4690000 7.5053574
 4695000 7.89173998
 4700000 8.06648899
 4705000 7.80300624
 4710000 7.46397402
 4715000 7.62023705
 4720000 7.6852735
 4725000 8.13948954
 4730000 7.23229599
 4735000 8.23765035
 4740000 7.84300828
 4745000 7.52916877
 4750000 7.83049322
 4755000 8.58924667
 4760000 7.96774083
 4765000 8.21580685
 4770000 7.92723027
 4775000 8.85005919
 4780000 8.60123321
 4785000 7.31440563
 4790000 7.9809027
 4795000 7.66977243
 4800000 8.22355903
 4805000 8.31125312
 4810000 7.50817401
 4815000 7.26479061
 4820000 7.50878877
 4825000 7.573835
 4830000 6.75164616
 4835000 6.81278317
 4840000 7.57713426
 4845000 7.37248628
 4850000 8.07160748
 4855000 7.69289524
 4860000 7.63801001
 4865000 6.83733897
 4870000 7.34223511
 4875000 7.29481344
 4880000 7.08867948
 4885000 7.16266847
 4890000 8.04641193
 4895000 7.47001498
 4900000 7.84678118
 4905000 7.98380224
 4910000 7.59986265
 4915000 7.22225445
 4920000 6.62717411
 4925000 6.3213633
 4930000 7.42158498
 4935000 7.05144005
 4940000 7.16820754
 4945000 8.3352392
 4950000 8.31886479
 4955000 7.51418194
 4960000 7.78252832
 4965000 7.44052868
 4970000 7.59448234
 4975000 7.61653484
 4980000 7.27550861
 4985000 7.39193205
 4990000 6.85616106
 4995000 7.59108708
 5000000 6.87317477
 5005000 7.13497113
 5010000 6.98315832
 5015000 7.22316333
 5020000 6.79665407
 5025000 7.6938127
 5030000 7.76339989
 5035000 7.4191869
 5040000 6.32029145
 5045000 7.74151504
 5050000 7.32239314
 5055000 7.83350574
 5060000 8.30398077
 5065000 7.71835024
 5070000 8.34592196
 5075000 7.78469483
 5080000 7.97844189
 5085000 7.84993231
 5090000 7.12343602
 5095000 7.36710758
 5100000 7.13122778
 5105000 6.94930471
 5110000 7.88551922
 5115000 7.13726715
 5120000 7.73810456
 5125000 8.01317715
 5130000 7.59326294
 5135000 8.61885911
 5140000 7.96008881
 5145000 7.58822422
 5150000 8.61060903
 5155000 7.75160459
 5160000 6.98420253
 5165000 8.29663909
 5170000 8.1176882
 5175000 8.0964749
 5180000 7.69438466
 5185000 7.83693562
 5190000 8.00863267
 5195000 8.48085062
 5200000 7.83559314
 5205000 8.11869394
 5210000 7.56970867
 5215000 8.16885606
 5220000 8.07020132
 5225000 7.73037912
 5230000 7.94885757
 5235000 8.23996979
 5240000 8.21897964
 5245000 7.7509964
 5250000 7.44440712
 5255000 7.97172192
 5260000 7.7089798
 5265000 7.55473309
 5270000 7.62178041
 5275000 7.53254608
 5280000 7.91064978
 5285000 7.9003897
 5290000 8.02124229
 5295000 8.33688569
 5300000 8.15433654
 5305000 8.09488941
 5310000 8.36793261
 5315000 8.50038334
 5320000 8.01322109
 5325000 9.10565079
 5330000 7.99990054
 5335000 7.89881919
 5340000 9.06270091
 5345000 8.60634005
 5350000 7.78375234
 5355000 9.10593463
 5360000 8.80300649
 5365000 8.37234814
 5370000 7.76273481
 5375000 7.7149868
 5380000 8.25926651
 5385000 9.40749555
 5390000 8.59722092
 5395000 8.25428962
 5400000 8.55877849
 5405000 8.36487834
 5410000 8.14557625
 5415000 7.4432647
 5420000 8.06450436
 5425000 8.02183153
 5430000 7.34669204
 5435000 7.84409577
 5440000 7.97633997
 5445000 8.02984222
 5450000 8.41934586
 5455000 7.93604331
 5460000 8.02108649
 5465000 8.1454355
 5470000 8.02348995
 5475000 7.56898177
 5480000 8.64004426
 5485000 7.66073756
 5490000 7.77794379
 5495000 8.0661489
 5500000 7.69795839
 5505000 7.24327118
 5510000 8.41409324
 5515000 8.49107345
 5520000 8.41007844
 5525000 7.94433016
 5530000 7.382038
 5535000 6.86392671
 5540000 8.01631521
 5545000 8.05003877
 5550000 8.44050911
 5555000 8.1151762
 5560000 8.22291276
 5565000 8.0127954
 5570000 8.54311207
 5575000 7.2100494
 5580000 7.48306798
 5585000 7.24763914
 5590000 7.79367235
 5595000 8.51880174
 5600000 8.33308525
 5605000 7.53892337
 5610000 7.75801098
 5615000 7.03947808
 5620000 7.59060408
 5625000 8.09400727
 5630000 7.13999211
 5635000 7.4003574
 5640000 7.54763586
 5645000 7.62653901
 5650000 8.3313676
 5655000 7.6239958
 5660000 8.08726182
 5665000 7.80103519
 5670000 8.03104897
 5675000 8.02116445
 5680000 7.90924291
 5685000 6.85796322
 5690000 7.42982456
 5695000 7.19529309
 5700000 7.31446612
 5705000 7.42475578
 5710000 7.81560957
 5715000 7.92598952
 5720000 7.987551
 5725000 7.2903325
 5730000 7.72765386
 5735000 7.82068919
 5740000 7.44686122
 5745000 7.53819096
 5750000 7.84937156
 5755000 7.81376303
 5760000 7.67760473
 5765000 8.38501294
 5770000 7.90447692
 5775000 7.95622043
 5780000 7.49905013
 5785000 7.8194678
 5790000 7.51909843
 5795000 7.97074828
 5800000 8.27016155
 5805000 7.73206939
 5810000 7.40720032
 5815000 7.82134599
 5820000 7.95054664
 5825000 7.3567168
 5830000 7.8548127
 5835000 7.9288128
 5840000 8.4617477
 5845000 7.78158416
 5850000 7.93752242
 5855000 8.14995894
 5860000 7.58491331
 5865000 7.94991388
 5870000 7.51223201
 5875000 7.83630356
 5880000 7.23161267
 5885000 8.21578202
 5890000 8.29630257
 5895000 7.92912026
 5900000 8.25648916
 5905000 7.59037288
 5910000 8.91798173
 5915000 7.5898675
 5920000 6.87879895
 5925000 8.29359904
 5930000 7.51568183
 5935000 6.75570762
 5940000 6.75569223
 5945000 6.57480351
 5950000 6.15194544
 5955000 7.50250113
 5960000 7.00591613
 5965000 7.29515434
 5970000 6.75650716
 5975000 6.83982534
 5980000 6.51938087
 5985000 7.02824729
 5990000 6.73693497
 5995000 7.83178837
 6000000 6.9033595
 6005000 6.80618462
 6010000 8.01186018
 6015000 7.1983156
 6020000 6.6444474
 6025000 7.60326421
 6030000 7.65995779
 6035000 7.88320395
 6040000 7.05901903
 6045000 7.05465342
 6050000 7.05980922
 6055000 7.04961571
 6060000 7.93158935
 6065000 7.83328461
 6070000 5.77167419
 6075000 7.03535559
 6080000 6.93205699
 6085000 7.50319786
 6090000 7.77468243
 6095000 6.32302072
 6100000 6.48481464
 6105000 7.44856787
 6110000 6.9416735
 6115000 7.09174703
 6120000 7.26633375
 6125000 6.74220955
 6130000 7.39124661
 6135000 6.26324222
 6140000 7.328024
 6145000 7.33445512
 6150000 7.0708043
 6155000 7.04623121
 6160000 7.63938647
 6165000 6.76274126
 6170000 7.02922306
 6175000 6.74721626
 6180000 7.13872121
 6185000 7.16792285
 6190000 7.49575728
 6195000 6.72188649
 6200000 7.33795067
 6205000 7.10275949
 6210000 6.44546219
 6215000 6.740682
 6220000 6.64847992
 6225000 7.0092989
 6230000 7.46573762
 6235000 6.94415368
 6240000 6.42477224
 6245000 6.52629209
 6250000 6.92165483
 6255000 6.91556709
 6260000 6.6365183
 6265000 7.32456457
 6270000 6.59902133
 6275000 6.47677217
 6280000 6.52294966
 6285000 6.76941131
 6290000 6.61309561
 6295000 7.34369616
 6300000 6.91573684
 6305000 7.00380486
 6310000 6.79697817
 6315000 6.76582082
 6320000 6.69453977
 6325000 7.11572269
 6330000 7.54762473
 6335000 6.73839383
 6340000 7.4410344
 6345000 7.06014035
 6350000 7.46500123
 6355000 6.24188823
 6360000 6.91384578
 6365000 6.55143541
 6370000 7.44753018
 6375000 7.43980517
 6380000 6.61659425
 6385000 7.14335556
 6390000 6.81287006
 6395000 6.5941908
 6400000 7.03259432
 6405000 6.95497244
 6410000 6.77863797
 6415000 7.38910568
 6420000 7.48470933
 6425000 6.9563499
 6430000 7.05827205
 6435000 6.94321967
 6440000 6.99553555
 6445000 7.28931015
 6450000 7.40799344
 6455000 7.73344549
 6460000 7.67427927
 6465000 7.35118508
 6470000 7.1677214
 6475000 7.4785247
 6480000 7.56651771
 6485000 6.8008812
 6490000 7.40538631
 6495000 6.62419801
 6500000 6.69213987
 6505000 7.56471505
 6510000 6.47048966
 6515000 8.28305507
 6520000 7.80422983
 6525000 6.55965952
 6530000 6.98676554
 6535000 6.34964563
 6540000 6.68626129
 6545000 6.5687273
 6550000 6.3118262
 6555000 7.07036648
 6560000 6.5530021
 6565000 6.44770833
 6570000 7.13753153
 6575000 7.42787846
 6580000 6.36314841
 6585000 6.19394826
 6590000 6.73981256
 6595000 6.31813184
 6600000 7.11123169
 6605000 7.06696499
 6610000 6.25198536
 6615000 6.77752074
 6620000 6.38724403
 6625000 7.31233328
 6630000 6.60398323
 6635000 7.58623144
 6640000 6.79296328
 6645000 6.26231943
 6650000 6.4359319
 6655000 6.10516295
 6660000 6.41460894
 6665000 6.27584825
 6670000 6.26407265
 6675000 6.0281772
 6680000 6.88653634
 6685000 7.63807818
 6690000 6.72402758
 6695000 6.55476472
 6700000 7.02895713
 6705000 6.50601311
 6710000 6.1676763
 6715000 6.2134811
 6720000 8.42783556
 6725000 6.160075
 6730000 7.67853162
 6735000 6.96458045
 6740000 6.86120894
 6745000 7.00340146
 6750000 6.27163529
 6755000 6.84466564
 6760000 7.65313974
 6765000 5.91927286
 6770000 6.57490939
 6775000 6.46397887
 6780000 6.57139172
 6785000 6.43967219
 6790000 6.72702704
 6795000 6.70898134
 6800000 5.8273493
 6805000 6.45375541
 6810000 7.17695931
 6815000 6.64270288
 6820000 7.44981939
 6825000 7.42348543
 6830000 7.10767612
 6835000 7.13280635
 6840000 7.02123397
 6845000 5.4163474
 6850000 6.61697225
 6855000 6.0438423
 6860000 7.1519192
 6865000 6.09556504
 6870000 7.11418429
 6875000 6.79102677
 6880000 6.44380271
 6885000 6.86612487
 6890000 6.32501922
 6895000 6.67919343
 6900000 6.7467081
 6905000 7.37751209
 6910000 7.09770657
 6915000 7.34298325
 6920000 7.19358376
 6925000 7.39261706
 6930000 7.24824288
 6935000 7.00341146
 6940000 7.53929861
 6945000 7.04403039
 6950000 6.67934656
 6955000 7.30427481
 6960000 6.21659
 6965000 5.50609127
 6970000 6.57356991
 6975000 7.241285
 6980000 7.68482318
 6985000 5.67140595
 6990000 6.81698153
 6995000 6.98704421
 7000000 6.76953139
 7005000 6.47495165
 7010000 7.26539574
 7015000 6.87750321
 7020000 6.70807027
 7025000 6.78429413
 7030000 6.9369713
 7035000 6.58537942
 7040000 7.21547074
 7045000 6.68418212
 7050000 6.40875431
 7055000 5.80904337
 7060000 5.67048849
 7065000 7.46176832
 7070000 6.35549006
 7075000 6.77171195
 7080000 8.39334613
 7085000 7.94642075
 7090000 7.03522978
 7095000 7.46776225
 7100000 6.1526484
 7105000 6.90267946
 7110000 6.73004717
 7115000 7.21580486
 7120000 6.86831833
 7125000 7.72329766
 7130000 7.40701731
 7135000 6.79904701
 7140000 7.30492714
 7145000 6.18835822
 7150000 6.92474253
 7155000 6.89431301
 7160000 6.99694219
 7165000 6.74664323
 7170000 7.52823954
 7175000 7.45073763
 7180000 7.02993776
 7185000 6.67059112
 7190000 6.6445462
 7195000 6.95270263
 7200000 6.52988139
 7205000 6.50374803
 7210000 6.57586241
 7215000 6.88016072
 7220000 6.80870541
 7225000 6.89762621
 7230000 6.84861124
 7235000 7.37407551
 7240000 6.64449547
 7245000 6.43313662
 7250000 7.33545986
 7255000 7.49598437
 7260000 8.22436813
 7265000 7.63925686
 7270000 6.93449628
 7275000 6.57344136
 7280000 7.54473035
 7285000 6.89089885
 7290000 6.71474448
 7295000 6.85767868
 7300000 6.78106356
 7305000 8.64364102
 7310000 7.58720329
 7315000 7.96505545
 7320000 8.2634509
 7325000 7.6823243
 7330000 7.14419645
 7335000 7.22547419
 7340000 6.38741346
 7345000 6.42336752
 7350000 6.81649179
 7355000 6.570043
 7360000 6.68903314
 7365000 6.6617839
 7370000 6.22659736
 7375000 6.17965218
 7380000 6.62019685
 7385000 6.66464471
 7390000 6.42991842
 7395000 5.93062229
 7400000 6.17707004
 7405000 6.32263989
 7410000 6.64878043
 7415000 6.44601109
 7420000 7.55292585
 7425000 6.50636435
 7430000 7.12897485
 7435000 6.24138583
 7440000 7.05387563
 7445000 6.84871697
 7450000 6.30515045
 7455000 6.63374618
 7460000 7.25605506
 7465000 6.5749405
 7470000 6.9785108
 7475000 6.55315522
 7480000 7.6118797
 7485000 7.49608129
 7490000 7.77425299
 7495000 7.70739967
 7500000 6.8428555
 7505000 7.50985606
 7510000 7.2205935
 7515000 7.12245627
 7520000 7.21011232
 7525000 7.3108747
 7530000 6.72911862
 7535000 7.37633386
 7540000 7.54660657
 7545000 6.99945303
 7550000 7.48852917
 7555000 7.28893441
 7560000 7.70773618
 7565000 7.07286406
 7570000 7.26954667
 7575000 7.23822546
 7580000 7.09198103
 7585000 7.61565979
 7590000 7.2482838
 7595000 7.38063861
 7600000 7.07953774
 7605000 7.10302876
 7610000 7.02125632
 7615000 6.8401019
 7620000 6.68552453
 7625000 6.09055621
 7630000 7.62030509
 7635000 7.40164163
 7640000 7.59497103
 7645000 6.13267046
 7650000 6.39907712
 7655000 6.85135889
 7660000 6.69916405
 7665000 7.42377111
 7670000 7.57641068
 7675000 6.53519761
 7680000 7.78557867
 7685000 7.51433683
 7690000 7.52730553
 7695000 7.19834153
 7700000 7.20960353
 7705000 6.84916882
 7710000 6.73150604
 7715000 7.21120749
 7720000 6.7476215
 7725000 7.48383656
 7730000 7.0194472
 7735000 7.33199313
 7740000 7.06011467
 7745000 7.17761449
 7750000 6.72253497
 7755000 6.41671229
 7760000 6.52844861
 7765000 6.62971639
 7770000 6.90902006
 7775000 7.36749924
 7780000 7.29091573
 7785000 6.65184431
 7790000 7.08126428
 7795000 7.53122046
 7800000 6.80006552
 7805000 6.10274972
 7810000 6.94130839
 7815000 6.4503811
 7820000 6.63203917
 7825000 6.27656225
 7830000 6.97947165
 7835000 6.10417038
 7840000 6.00636796
 7845000 6.76757807
 7850000 6.29373335
 7855000 6.69329822
 7860000 6.99631796
 7865000 6.5874652
 7870000 7.07290239
 7875000 6.4489835
 7880000 6.80821756
 7885000 7.01291903
 7890000 6.91356511
 7895000 6.42833314
 7900000 7.38796314
 7905000 6.84264055
 7910000 7.53626817
 7915000 6.91540311
 7920000 5.0485405
 7925000 7.43058277
 7930000 6.12665621
 7935000 7.17861195
 7940000 6.50528706
 7945000 6.47003618
 7950000 6.98774466
 7955000 6.80348867
 7960000 6.7251872
 7965000 6.85322295
 7970000 7.11354219
 7975000 6.74684723
 7980000 6.1608689
 7985000 7.42059718
 7990000 6.70636722
 7995000 6.25658881
 8000000 6.28847881
 8005000 7.36883986
 8010000 6.6206266
 8015000 5.97328022
 8020000 6.83796119
 8025000 7.65974555
 8030000 6.92606678
 8035000 6.96899485
 8040000 5.86538006
 8045000 5.92364325
 8050000 6.1555321
 8055000 5.63793689
 8060000 6.7023951
 8065000 6.34359677
 8070000 5.52987118
 8075000 5.85450502
 8080000 6.27565486
 8085000 6.19894828
 8090000 6.46685279
 8095000 6.29312444
 8100000 6.89013553
 8105000 6.56645967
 8110000 6.47295185
 8115000 5.25396871
 8120000 5.64827262
 8125000 6.24227864
 8130000 6.94334928
 8135000 6.30038832
 8140000 6.50438834
 8145000 7.11171094
 8150000 6.64758854
 8155000 7.66480007
 8160000 6.79258467
 8165000 7.32549628
 8170000 7.44990413
 8175000 7.06925875
 8180000 6.07939999
 8185000 7.00206349
 8190000 6.4096006
 8195000 6.55910742
 8200000 6.00228118
 8205000 6.38007908
 8210000 7.18125709
 8215000 7.12789766
 8220000 6.55012168
 8225000 6.78847351
 8230000 6.88311609
 8235000 7.60673396
 8240000 7.06502909
 8245000 7.09234204
 8250000 7.20316771
 8255000 6.65350829
 8260000 7.24876127
 8265000 7.03031173
 8270000 6.92795852
 8275000 6.96665062
 8280000 6.63703278
 8285000 6.10903963
 8290000 6.39131931
 8295000 6.14982759
 8300000 6.69202691
 8305000 5.557764
 8310000 6.71288905
 8315000 6.94604395
 8320000 7.60614199
 8325000 5.77036939
 8330000 6.08061794
 8335000 6.31526995
 8340000 6.97146122
 8345000 7.10383059
 8350000 6.78236183
 8355000 5.98865528
 8360000 6.40281661
 8365000 6.46163064
 8370000 6.31604309
 8375000 7.21512542
 8380000 7.24568502
 8385000 7.92237571
 8390000 7.05409474
 8395000 6.50953489
 8400000 5.00664361
 8405000 6.57052236
 8410000 6.64168296
 8415000 6.87449122
 8420000 6.47704588
 8425000 4.93534472
 8430000 5.45022104
 8435000 6.51852088
 8440000 5.46996951
 8445000 6.28226115
 8450000 6.05844674
 8455000 6.19567628
 8460000 5.40318197
 8465000 5.94194226
 8470000 6.16900825
 8475000 7.31446389
 8480000 5.90237514
 8485000 5.80945354
 8490000 5.74433617
 8495000 5.25603422
 8500000 5.92360552
 8505000 6.09447924
 8510000 5.05565044
 8515000 5.04459529
 8520000 5.07529868
 8525000 5.71778584
 8530000 7.11097734
 8535000 6.95365225
 8540000 5.8911104
 8545000 5.207745
 8550000 6.82010438
 8555000 6.24899202
 8560000 4.96037355
 8565000 6.47077977
 8570000 5.82551484
 8575000 6.19401697
 8580000 6.93047578
 8585000 6.34352535
 8590000 5.73700762
 8595000 6.85380669
 8600000 5.77382151
 8605000 5.88797547
 8610000 5.83276282
 8615000 6.41888565
 8620000 5.59703222
 8625000 6.12741912
 8630000 5.93246951
 8635000 5.4962656
 8640000 6.69103252
 8645000 5.9380393
 8650000 6.2194398
 8655000 5.98286792
 8660000 5.86351178
 8665000 6.38977993
 8670000 5.59239198
 8675000 5.91119853
 8680000 6.60449351
 8685000 6.22403655
 8690000 6.89507674
 8695000 6.84983453
 8700000 5.61221173
 8705000 5.99064252
 8710000 4.66829888
 8715000 5.08522558
 8720000 5.78623246
 8725000 5.93770267
 8730000 6.09494445
 8735000 4.22383856
 8740000 5.32022164
 8745000 4.48798604
 8750000 5.12266664
 8755000 4.44863412
 8760000 6.26620335
 8765000 5.72385506
 8770000 5.12349219
 8775000 6.40918889
 8780000 5.44181363
 8785000 5.49439923
 8790000 5.3188097
 8795000 5.94061518
 8800000 4.60382997
 8805000 5.24100454
 8810000 4.83575876
 8815000 5.10225682
 8820000 5.17410088
 8825000 5.92774823
 8830000 5.77070777
 8835000 5.06191079
 8840000 5.64281184
 8845000 5.14382848
 8850000 5.50215363
 8855000 4.98067942
 8860000 5.01209052
 8865000 5.9513243
 8870000 5.69351166
 8875000 5.76334043
 8880000 4.25176981
 8885000 4.52946049
 8890000 5.19869863
 8895000 6.08447577
 8900000 6.59071519
 8905000 5.63273358
 8910000 6.21994218
 8915000 5.69704961
 8920000 6.15560306
 8925000 5.74494869
 8930000 5.95471076
 8935000 6.23348367
 8940000 5.30453072
 8945000 6.10720045
 8950000 6.95160229
 8955000 6.79912516
 8960000 6.09466939
 8965000 5.11484135
 8970000 7.71506196
 8975000 5.35385339
 8980000 6.10885809
 8985000 5.71344023
 8990000 6.03058118
 8995000 5.75212617
 9000000 5.17789365
 9005000 6.90042923
 9010000 5.27333038
 9015000 5.95352909
 9020000 5.21552646
 9025000 6.25865508
 9030000 5.65028222
 9035000 6.74349427
 9040000 6.2259401
 9045000 6.29248812
 9050000 7.50934689
 9055000 5.20266759
 9060000 6.09534358
 9065000 6.44005694
 9070000 5.9502317
 9075000 5.89403988
 9080000 7.95951131
 9085000 6.187355
 9090000 5.72594036
 9095000 5.63116593
 9100000 6.75253586
 9105000 5.50652641
 9110000 5.5929678
 9115000 5.88217138
 9120000 5.67049709
 9125000 6.35535144
 9130000 6.66568984
 9135000 5.76832244
 9140000 5.97093273
 9145000 6.48181421
 9150000 6.81225838
 9155000 6.96905395
 9160000 6.71545294
 9165000 6.49143807
 9170000 5.14890909
 9175000 6.50819931
 9180000 5.72569054
 9185000 6.41980269
 9190000 5.5542271
 9195000 6.68599832
 9200000 7.09511358
 9205000 6.71391137
 9210000 7.70786921
 9215000 6.81335723
 9220000 5.99411628
 9225000 6.74948653
 9230000 6.78657042
 9235000 7.428564
 9240000 6.50907423
 9245000 7.25913905
 9250000 7.29193068
 9255000 7.54038622
 9260000 7.4259017
 9265000 7.17025963
 9270000 6.6833683
 9275000 7.09526809
 9280000 8.09980717
 9285000 7.94870916
 9290000 7.65027706
 9295000 7.71540756
 9300000 6.75901848
 9305000 6.41761838
 9310000 6.2356331
 9315000 7.47717916
 9320000 6.88646401
 9325000 5.17884593
 9330000 6.24156942
 9335000 6.09719291
 9340000 5.64472832
 9345000 6.1205526
 9350000 5.21341947
 9355000 6.81086697
 9360000 6.82854041
 9365000 7.43722853
 9370000 7.45387551
 9375000 6.33552161
 9380000 4.95432673
 9385000 6.26567036
 9390000 5.96926336
 9395000 6.60982418
 9400000 5.56349441
 9405000 6.56864645
 9410000 6.54030171
 9415000 6.49817713
 9420000 6.29537891
 9425000 6.77622149
 9430000 6.49499982
 9435000 7.40703572
 9440000 5.96298063
 9445000 5.76011384
 9450000 6.36330151
 9455000 5.83573683
 9460000 5.98820268
 9465000 6.39047028
 9470000 5.75063468
 9475000 6.04425931
 9480000 3.89533794
 9485000 4.70899209
 9490000 5.32904684
 9495000 6.6755419
 9500000 7.28294574
 9505000 6.99116664
 9510000 6.713334
 9515000 5.27372996
 9520000 4.72700374
 9525000 5.02360421
 9530000 7.67849912
 9535000 6.91046526
 9540000 6.03996169
 9545000 7.65379067
 9550000 7.03281799
 9555000 7.04403476
 9560000 5.96648469
 9565000 7.74135943
 9570000 6.46054358
 9575000 7.63991337
 9580000 6.48333547
 9585000 5.95813301
 9590000 6.92798271
 9595000 6.17021063
 9600000 7.00772194
 9605000 7.50305916
 9610000 7.70399634
 9615000 7.7735866
 9620000 6.42947917
 9625000 7.24919365
 9630000 6.36422484
 9635000 7.65897477
 9640000 6.57700094
 9645000 7.07141568
 9650000 6.09150546
 9655000 7.24378352
 9660000 7.19962212
 9665000 6.45407137
 9670000 6.21872696
 9675000 6.14389024
 9680000 6.57354114
 9685000 6.18961769
 9690000 7.18175058
 9695000 6.28717944
 9700000 5.07914149
 9705000 4.86347526
 9710000 5.45234962
 9715000 5.47361899
 9720000 6.0876184
 9725000 6.20021056
 9730000 5.40352121
 9735000 6.42163779
 9740000 6.71476722
 9745000 7.28716986
 9750000 7.22082531
 9755000 5.95631851
 9760000 6.4684498
 9765000 6.48940487
 9770000 7.08788633
 9775000 7.0349073
 9780000 7.43171427
 9785000 6.80530765
 9790000 7.6223227
 9795000 7.24942125
 9800000 6.35628167
 9805000 7.00730416
 9810000 6.06762918
 9815000 6.09470751
 9820000 6.54827588
 9825000 6.58907324
 9830000 6.41898232
 9835000 6.35056508
 9840000 6.07181673
 9845000 6.76061616
 9850000 6.26512432
 9855000 5.60281895
 9860000 7.29230902
 9865000 7.02101534
 9870000 6.45721231
 9875000 4.98928383
 9880000 6.95709281
 9885000 5.16144456
 9890000 6.22449097
 9895000 5.67466409
 9900000 6.40324078
 9905000 7.82263436
 9910000 6.507963
 9915000 6.09110812
 9920000 6.31388104
 9925000 6.52816394
 9930000 6.25489278
 9935000 6.78949641
 9940000 6.40975817
 9945000 6.13839056
 9950000 6.58602564
 9955000 6.45532302
 9960000 7.44175122
 9965000 6.66644511
 9970000 6.44354613
 9975000 7.26883543
 9980000 7.09701215
 9985000 6.58211648
 9990000 6.4647618
 9995000 7.59798836
 10000000 6.88082427
 10005000 6.41144471
 10010000 5.0567811
 10015000 5.8145792
 10020000 7.21664035
 10025000 7.77486664
 10030000 6.67776785
 10035000 7.72366229
 10040000 6.94708732
 10045000 7.02313887
 10050000 7.17874465
 10055000 7.04739365
 10060000 7.30369935
 10065000 6.79607453
 10070000 7.17295727
 10075000 7.55389036
 10080000 6.71943444
 10085000 8.05312213
 10090000 6.98209528
 10095000 7.19033532
 10100000 6.8306849
 10105000 7.17962913
 10110000 7.59055097
 10115000 7.07011126
 10120000 7.16067959
 10125000 7.57802906
 10130000 7.32068036
 10135000 6.9976365
 10140000 6.88234276
 10145000 7.50597414
 10150000 8.10338588
 10155000 6.85544933
 10160000 6.490504
 10165000 6.90696255
 10170000 6.8836776
 10175000 7.99168971
 10180000 7.19168499
 10185000 7.7913767
 10190000 8.01172716
 10195000 8.03774923
 10200000 7.90724189
 10205000 6.81547746
 10210000 7.58996641
 10215000 7.30574058
 10220000 6.71582329
 10225000 6.7473554
 10230000 7.81354346
 10235000 7.69358417
 10240000 7.36210452
 10245000 7.3652084
 10250000 7.96077361
 10255000 5.72812091
 10260000 7.09236371
 10265000 5.55258153
 10270000 7.12870801
 10275000 7.07106257
 10280000 6.90733059
 10285000 6.84587848
 10290000 7.67634079
 10295000 7.37020119
 10300000 6.2607747
 10305000 6.50454593
 10310000 7.19193037
 10315000 6.89325796
 10320000 6.43370972
 10325000 7.55290914
 10330000 6.62788149
 10335000 7.12452373
 10340000 7.5497847
 10345000 7.42871531
 10350000 6.76813759
 10355000 7.56433768
 10360000 7.86493292
 10365000 6.79046958
 10370000 6.79270773
 10375000 7.68761707
 10380000 7.4804623
 10385000 7.34432264
 10390000 7.31384821
 10395000 7.05918106
 10400000 7.82679387
 10405000 7.22288212
 10410000 6.83598824
 10415000 7.09689125
 10420000 7.61124895
 10425000 7.27086857
 10430000 7.60716089
 10435000 6.91547718
 10440000 7.29527149
 10445000 6.10257806
 10450000 6.82607208
 10455000 7.42217708
 10460000 7.34438226
 10465000 7.55226005
 10470000 6.85149864
 10475000 7.65629176
 10480000 8.06593719
 10485000 7.06756
 10490000 6.77437232
 10495000 5.84153995
 10500000 6.70184442
 10505000 6.62187582
 10510000 6.30524678
 10515000 5.26642143
 10520000 7.01793509
 10525000 6.49747048
 10530000 7.20516863
 10535000 7.97765948
 10540000 7.86252238
 10545000 7.60247932
 10550000 7.55212565
 10555000 7.43233689
 10560000 7.32459887
