 MINIMUM DISTANCE BETWEEN 128-139
 570000 8.52911
 575000 8.81568
 580000 9.02687
 585000 8.99094
 590000 8.79339
 595000 8.45348
 600000 9.12309
 605000 9.06116
 610000 8.28267
 615000 8.55848
 620000 8.4071
 625000 8.52399
 630000 8.31504
 635000 8.35761
 640000 8.93908
 645000 7.74531
 650000 8.35559
 655000 8.09163
 660000 8.46411
 665000 8.9084
 670000 8.57349
 675000 8.56552
 680000 7.86036
 685000 9.19193
 690000 7.79427
 695000 8.38038
 700000 7.78135
 705000 8.66778
 710000 8.93583
 715000 9.32111
 720000 8.92362
 725000 8.62994
 730000 7.3675
 735000 7.40812
 740000 8.63999
 745000 7.97576
 750000 8.72217
 755000 8.21611
 760000 8.63091
 765000 8.31055
 770000 7.65824
 775000 7.55631
 780000 8.58206
 785000 8.74844
 790000 8.02008
 795000 8.69059
 800000 8.29785
 805000 7.72865
 810000 8.53109
 815000 8.23088
 820000 8.50394
 825000 8.72978
 830000 8.19892
 835000 8.3394
 840000 7.04239
 845000 7.0439
 850000 6.873
 855000 7.24296
 860000 7.53165
 865000 8.13855
 870000 8.16504
 875000 8.3901
 880000 8.24516
 885000 8.41914
 890000 7.93458
 895000 8.34001
 900000 7.54113
 905000 8.74501
 910000 7.96862
 915000 7.77631
 920000 7.49987
 925000 7.7658
 930000 6.58019
 935000 8.52627
 940000 8.06642
 945000 8.08007
 950000 7.81657
 955000 7.53249
 960000 7.19359
 965000 7.89797
 970000 7.13871
 975000 7.77073
 980000 7.69818
 985000 8.18294
 990000 8.39646
 995000 8.66458
 1E+06 8.74456
 1.005E+06 8.69234
 1.01E+06 8.5271
 1.015E+06 9.49736
 1.02E+06 8.65379
 1.025E+06 9.0799
 1.03E+06 8.65404
 1.035E+06 8.30525
 1.04E+06 7.9287
 1.045E+06 7.7628
 1.05E+06 7.64436
 1.055E+06 7.61492
 1.06E+06 7.82077
 1.065E+06 7.19769
 1.07E+06 7.09181
 1.075E+06 7.50491
 1.08E+06 6.80498
 1.085E+06 6.69016
 1.09E+06 6.41461
 1.095E+06 7.50614
 1.1E+06 7.15703
 1.105E+06 7.00491
 1.11E+06 7.17781
 1.115E+06 6.75814
 1.12E+06 7.23789
 1.125E+06 7.6
 1.13E+06 6.9633
 1.135E+06 7.00384
 1.14E+06 7.77514
 1.145E+06 7.33936
 1.15E+06 7.97053
 1.155E+06 7.88858
 1.16E+06 7.52663
 1.165E+06 7.90589
 1.17E+06 5.97375
 1.175E+06 6.61012
 1.18E+06 6.42925
 1.185E+06 7.36666
 1.19E+06 7.41746
 1.195E+06 7.30802
 1.2E+06 7.10967
 1.205E+06 7.84945
 1.21E+06 7.14757
 1.215E+06 7.49359
 1.22E+06 7.25906
 1.225E+06 7.7222
 1.23E+06 6.97446
 1.235E+06 7.01289
 1.24E+06 7.83031
 1.245E+06 8.11908
 1.25E+06 6.94357
 1.255E+06 6.85328
 1.26E+06 6.13477
 1.265E+06 5.79783
 1.27E+06 5.93188
 1.275E+06 7.46589
 1.28E+06 7.50081
 1.285E+06 6.57143
 1.29E+06 6.18619
 1.295E+06 5.84016
 1.3E+06 5.70269
 1.305E+06 6.73795
 1.31E+06 7.00115
 1.315E+06 6.67453
 1.32E+06 6.93255
 1.325E+06 7.27213
 1.33E+06 7.12136
 1.335E+06 7.82255
 1.34E+06 7.35291
 1.345E+06 7.13824
 1.35E+06 6.97563
 1.355E+06 8.18769
 1.36E+06 8.15405
 1.365E+06 8.11036
 1.37E+06 8.02001
 1.375E+06 7.45049
 1.38E+06 6.72323
 1.385E+06 7.70225
 1.39E+06 6.73475
 1.395E+06 7.31949
 1.4E+06 7.45327
 1.405E+06 7.39887
 1.41E+06 7.58455
 1.415E+06 7.80702
 1.42E+06 7.46851
 1.425E+06 7.736
 1.43E+06 8.62562
 1.435E+06 6.69931
 1.44E+06 8.64391
 1.445E+06 7.75623
 1.45E+06 7.72732
 1.455E+06 8.05194
 1.46E+06 6.19753
 1.465E+06 7.74397
 1.47E+06 6.70012
 1.475E+06 7.30337
 1.48E+06 6.47923
 1.485E+06 8.28488
 1.49E+06 7.33766
 1.495E+06 8.30811
 1.5E+06 7.15963
 1.505E+06 8.01633
 1.51E+06 8.00007
 1.515E+06 7.88859
 1.52E+06 6.45927
 1.525E+06 8.02302
 1.53E+06 6.62266
 1.535E+06 7.43688
 1.54E+06 7.61778
 1.545E+06 7.391
 1.55E+06 7.64358
 1.555E+06 6.48729
 1.56E+06 7.64558
 1.565E+06 6.56769
 1.57E+06 8.40848
 1.575E+06 8.38736
 1.58E+06 7.87648
 1.585E+06 8.29305
 1.59E+06 7.57757
 1.595E+06 8.20003
 1.6E+06 9.11163
 1.605E+06 6.87792
 1.61E+06 9.04451
 1.615E+06 9.0278
 1.62E+06 8.46511
 1.625E+06 9.04375
 1.63E+06 8.23527
 1.635E+06 8.25291
 1.64E+06 6.92989
 1.645E+06 6.41802
 1.65E+06 4.69328
 1.655E+06 6.02374
 1.66E+06 7.75619
 1.665E+06 7.06325
 1.67E+06 8.32581
 1.675E+06 7.79243
 1.68E+06 7.40547
 1.685E+06 7.58818
 1.69E+06 7.45554
 1.695E+06 6.73533
 1.7E+06 7.53877
 1.705E+06 6.20289
 1.71E+06 7.23738
 1.715E+06 7.34667
 1.72E+06 7.53517
 1.725E+06 7.86883
 1.73E+06 8.15586
 1.735E+06 7.56645
 1.74E+06 7.97582
 1.745E+06 7.33357
 1.75E+06 7.93167
 1.755E+06 8.27118
 1.76E+06 8.3926
 1.765E+06 7.80428
 1.77E+06 7.72954
 1.775E+06 8.04548
 1.78E+06 8.35527
 1.785E+06 7.57714
 1.79E+06 6.77803
 1.795E+06 7.28219
 1.8E+06 7.46575
 1.805E+06 7.23061
 1.81E+06 7.94175
 1.815E+06 7.99706
 1.82E+06 8.43752
 1.825E+06 8.31553
 1.83E+06 8.01225
 1.835E+06 7.04275
 1.84E+06 9.05951
 1.845E+06 7.2448
 1.85E+06 6.59467
 1.855E+06 6.54943
 1.86E+06 7.39725
 1.865E+06 6.8814
 1.87E+06 7.44503
 1.875E+06 7.91301
 1.88E+06 7.41391
 1.885E+06 7.96266
 1.89E+06 7.51388
 1.895E+06 8.03048
 1.9E+06 8.24259
 1.905E+06 9.00909
 1.91E+06 6.69991
 1.915E+06 7.08399
 1.92E+06 7.52305
 1.925E+06 7.53043
 1.93E+06 8.14262
 1.935E+06 7.45313
 1.94E+06 6.62379
 1.945E+06 8.41329
 1.95E+06 6.53299
 1.955E+06 7.94972
 1.96E+06 7.11546
 1.965E+06 6.83769
 1.97E+06 7.01246
 1.975E+06 7.87437
 1.98E+06 7.61195
 1.985E+06 8.03452
 1.99E+06 6.57649
 1.995E+06 6.30758
 2E+06 7.69486
 2.005E+06 7.16961
 2.01E+06 6.28151
 2.015E+06 6.63078
 2.02E+06 6.68655
 2.025E+06 7.09861
 2.03E+06 7.38253
 2.035E+06 5.94471
 2.04E+06 6.88716
 2.045E+06 7.4553
 2.05E+06 5.40594
 2.055E+06 6.00282
 2.06E+06 6.79597
 2.065E+06 7.36391
 2.07E+06 8.12203
 2.075E+06 7.03333
 2.08E+06 7.05025
 2.085E+06 6.98367
 2.09E+06 7.67607
 2.095E+06 7.06322
 2.1E+06 6.86602
 2.105E+06 8.09369
 2.11E+06 6.42842
 2.115E+06 7.01953
 2.12E+06 7.41326
 2.125E+06 7.87697
 2.13E+06 8.90613
 2.135E+06 7.80453
 2.14E+06 8.36929
 2.145E+06 8.04357
 2.15E+06 7.61106
 2.155E+06 8.89069
 2.16E+06 8.34686
 2.165E+06 9.07372
 2.17E+06 7.99413
 2.175E+06 7.04108
 2.18E+06 8.91761
 2.185E+06 7.56946
 2.19E+06 8.3031
 2.195E+06 7.64193
 2.2E+06 7.08994
 2.205E+06 8.24176
 2.21E+06 7.98461
 2.215E+06 7.01216
 2.22E+06 7.08114
 2.225E+06 7.91947
 2.23E+06 7.71165
 2.235E+06 7.28975
 2.24E+06 8.24258
 2.245E+06 7.09931
 2.25E+06 7.51419
 2.255E+06 7.6847
 2.26E+06 7.23633
 2.265E+06 7.04731
 2.27E+06 7.61562
 2.275E+06 8.20194
 2.28E+06 6.90534
 2.285E+06 6.02789
 2.29E+06 7.17594
 2.295E+06 6.89814
 2.3E+06 6.91293
 2.305E+06 7.43589
 2.31E+06 6.76673
 2.315E+06 7.37488
 2.32E+06 7.68968
 2.325E+06 8.54276
 2.33E+06 6.65489
 2.335E+06 7.42887
 2.34E+06 7.78287
 2.345E+06 7.17926
 2.35E+06 7.8693
 2.355E+06 6.81632
 2.36E+06 7.32448
 2.365E+06 7.36847
 2.37E+06 7.13896
 2.375E+06 8.10175
 2.38E+06 7.9055
 2.385E+06 7.57181
 2.39E+06 7.02646
 2.395E+06 7.96676
 2.4E+06 8.64344
 2.405E+06 8.48574
 2.41E+06 7.63719
 2.415E+06 8.04469
 2.42E+06 8.05135
 2.425E+06 7.90359
 2.43E+06 6.68377
 2.435E+06 6.84657
 2.44E+06 7.26977
 2.445E+06 7.52961
 2.45E+06 7.77074
 2.455E+06 7.14527
 2.46E+06 7.56435
 2.465E+06 8.37866
 2.47E+06 7.75383
 2.475E+06 7.79285
 2.48E+06 6.43161
 2.485E+06 6.68078
 2.49E+06 6.72202
 2.495E+06 7.39982
 2.5E+06 7.81152
 2.505E+06 7.27937
 2.51E+06 6.96609
 2.515E+06 6.63888
 2.52E+06 7.04903
 2.525E+06 7.13089
 2.53E+06 6.57877
 2.535E+06 8.09925
 2.54E+06 8.02149
 2.545E+06 8.49025
 2.55E+06 7.21683
 2.555E+06 8.15877
 2.56E+06 8.88675
 2.565E+06 7.65556
 2.57E+06 8.32882
 2.575E+06 8.42105
 2.58E+06 8.23618
 2.585E+06 8.16774
 2.59E+06 7.53639
 2.595E+06 8.12919
 2.6E+06 8.44306
 2.605E+06 7.9179
 2.61E+06 8.62991
 2.615E+06 7.87194
 2.62E+06 8.12203
 2.625E+06 7.28274
 2.63E+06 8.64631
 2.635E+06 7.68804
 2.64E+06 8.39881
 2.645E+06 6.51773
 2.65E+06 7.29633
 2.655E+06 8.39655
 2.66E+06 8.72206
 2.665E+06 8.4742
 2.67E+06 7.76999
 2.675E+06 8.12891
 2.68E+06 8.11136
 2.685E+06 8.08793
 2.69E+06 7.80588
 2.695E+06 8.05032
 2.7E+06 7.67386
 2.705E+06 7.45355
 2.71E+06 7.24529
 2.715E+06 7.30831
 2.72E+06 7.72923
 2.725E+06 7.31914
 2.73E+06 7.36972
 2.735E+06 7.82695
 2.74E+06 8.0289
 2.745E+06 8.75241
 2.75E+06 9.35574
 2.755E+06 9.19332
 2.76E+06 7.56144
 2.765E+06 7.93062
 2.77E+06 6.9313
 2.775E+06 7.86077
 2.78E+06 7.39014
 2.785E+06 8.09869
 2.79E+06 7.21384
 2.795E+06 7.97014
 2.8E+06 7.39012
 2.805E+06 8.19178
 2.81E+06 7.71892
 2.815E+06 7.75512
 2.82E+06 7.44043
 2.825E+06 8.50094
 2.83E+06 8.04762
 2.835E+06 6.23556
 2.84E+06 7.13398
 2.845E+06 7.34278
 2.85E+06 7.40526
 2.855E+06 7.25424
 2.86E+06 7.52017
 2.865E+06 7.29127
 2.87E+06 8.14722
 2.875E+06 7.83505
 2.88E+06 8.11394
 2.885E+06 7.292
 2.89E+06 7.62003
 2.895E+06 7.27801
 2.9E+06 7.57312
 2.905E+06 8.28834
 2.91E+06 7.69285
 2.915E+06 8.26597
 2.92E+06 8.64324
 2.925E+06 7.10893
 2.93E+06 7.55415
 2.935E+06 7.67612
 2.94E+06 7.14754
 2.945E+06 6.40456
 2.95E+06 6.31115
 2.955E+06 8.31553
 2.96E+06 8.58736
 2.965E+06 7.58283
 2.97E+06 7.20419
 2.975E+06 7.35852
 2.98E+06 7.06382
 2.985E+06 6.8018
 2.99E+06 6.19944
 2.995E+06 6.43802
 3E+06 6.86474
 3.005E+06 5.99325
 3.01E+06 6.12239
 3.015E+06 5.62923
 3.02E+06 6.00839
 3.025E+06 5.35111
 3.03E+06 6.38697
 3.035E+06 6.13836
 3.04E+06 5.83235
 3.045E+06 4.96173
 3.05E+06 6.19069
 3.055E+06 5.87269
 3.06E+06 6.20307
 3.065E+06 7.04909
 3.07E+06 6.14019
 3.075E+06 6.36079
 3.08E+06 5.70355
 3.085E+06 5.38076
 3.09E+06 4.4285
 3.095E+06 5.57507
 3.1E+06 5.49847
 3.105E+06 6.00211
 3.11E+06 5.18094
 3.115E+06 5.04278
 3.12E+06 6.68289
 3.125E+06 6.71416
 3.13E+06 6.69482
 3.135E+06 6.70841
 3.14E+06 5.64991
 3.145E+06 5.7461
 3.15E+06 5.89919
 3.155E+06 6.29441
 3.16E+06 8.44103
 3.165E+06 8.81531
 3.17E+06 7.31912
 3.175E+06 7.46572
 3.18E+06 7.87152
 3.185E+06 7.40411
 3.19E+06 7.73804
 3.195E+06 7.72413
 3.2E+06 8.14716
 3.205E+06 8.32262
 3.21E+06 8.00032
 3.215E+06 7.40645
 3.22E+06 7.29125
 3.225E+06 7.41558
 3.23E+06 7.61325
 3.235E+06 8.17553
 3.24E+06 8.43089
 3.245E+06 8.66652
 3.25E+06 7.93118
 3.255E+06 7.9251
 3.26E+06 8.32322
 3.265E+06 7.22487
 3.27E+06 7.61019
 3.275E+06 7.48871
 3.28E+06 8.32522
 3.285E+06 7.73004
 3.29E+06 8.62838
 3.295E+06 7.62823
 3.3E+06 7.68176
 3.305E+06 7.18112
 3.31E+06 6.69811
 3.315E+06 7.29737
 3.32E+06 7.23667
 3.325E+06 6.44885
 3.33E+06 7.03523
 3.335E+06 7.69171
 3.34E+06 6.99653
 3.345E+06 7.71687
 3.35E+06 7.82046
 3.355E+06 7.92401
 3.36E+06 7.63626
 3.365E+06 8.47068
 3.37E+06 7.8045
 3.375E+06 7.23003
 3.38E+06 8.27202
 3.385E+06 8.7133
 3.39E+06 8.66147
 3.395E+06 7.20323
 3.4E+06 7.82197
 3.405E+06 7.91009
 3.41E+06 7.89662
 3.415E+06 7.81626
 3.42E+06 8.1112
 3.425E+06 8.17416
 3.43E+06 8.56813
 3.435E+06 7.59071
 3.44E+06 8.86117
 3.445E+06 8.176
 3.45E+06 8.12916
 3.455E+06 8.72333
 3.46E+06 8.00114
 3.465E+06 7.28661
 3.47E+06 6.89877
 3.475E+06 7.31217
 3.48E+06 7.7074
 3.485E+06 8.4157
 3.49E+06 7.68875
 3.495E+06 7.56468
 3.5E+06 8.61934
 3.505E+06 7.04896
 3.51E+06 8.51554
 3.515E+06 7.79945
 3.52E+06 7.82253
 3.525E+06 7.56918
 3.53E+06 7.81564
 3.535E+06 8.4396
 3.54E+06 7.73049
 3.545E+06 7.30122
 3.55E+06 8.41229
 3.555E+06 6.79304
 3.56E+06 7.09913
 3.565E+06 7.03255
 3.57E+06 5.75859
 3.575E+06 7.5123
 3.58E+06 7.78197
 3.585E+06 7.63359
 3.59E+06 7.08524
 3.595E+06 8.00557
 3.6E+06 7.2811
 3.605E+06 7.46647
 3.61E+06 7.18219
 3.615E+06 7.55601
 3.62E+06 8.14235
 3.625E+06 7.14712
 3.63E+06 8.54551
 3.635E+06 8.28712
 3.64E+06 7.16074
 3.645E+06 7.4989
 3.65E+06 9.6926
 3.655E+06 7.87494
 3.66E+06 6.56433
 3.665E+06 7.9991
 3.67E+06 8.9228
 3.675E+06 6.87384
 3.68E+06 6.63498
 3.685E+06 7.9561
 3.69E+06 6.39159
 3.695E+06 6.89432
 3.7E+06 6.4246
 3.705E+06 6.72671
 3.71E+06 7.24114
 3.715E+06 7.2939
 3.72E+06 7.54896
 3.725E+06 7.82406
 3.73E+06 7.39761
 3.735E+06 7.44168
 3.74E+06 6.19565
 3.745E+06 7.57933
 3.75E+06 7.78939
 3.755E+06 6.91587
 3.76E+06 8.37479
 3.765E+06 7.15819
 3.77E+06 8.75843
 3.775E+06 7.71403
 3.78E+06 6.83806
 3.785E+06 8.2448
 3.79E+06 7.89443
 3.795E+06 8.48557
 3.8E+06 6.71201
 3.805E+06 7.53727
 3.81E+06 7.97975
 3.815E+06 7.97462
 3.82E+06 8.07479
 3.825E+06 8.6424
 3.83E+06 8.03842
 3.835E+06 6.97094
 3.84E+06 7.78352
 3.845E+06 7.6142
 3.85E+06 6.68404
 3.855E+06 6.81768
 3.86E+06 6.61708
 3.865E+06 7.13524
 3.87E+06 7.43788
 3.875E+06 7.49215
 3.88E+06 7.44237
 3.885E+06 7.70598
 3.89E+06 8.12666
 3.895E+06 7.48168
 3.9E+06 7.59322
 3.905E+06 7.32477
 3.91E+06 7.05766
 3.915E+06 8.08212
 3.92E+06 6.68733
 3.925E+06 6.86671
 3.93E+06 7.61308
 3.935E+06 7.34777
 3.94E+06 8.48843
 3.945E+06 6.54478
 3.95E+06 6.3058
 3.955E+06 7.54167
 3.96E+06 8.46825
 3.965E+06 7.50409
 3.97E+06 6.97713
 3.975E+06 7.26896
 3.98E+06 7.58727
 3.985E+06 8.22335
 3.99E+06 6.6531
 3.995E+06 7.09413
 4E+06 7.33225
 4.005E+06 6.62268
 4.01E+06 8.34093
 4.015E+06 7.78914
 4.02E+06 7.15263
 4.025E+06 6.61169
 4.03E+06 6.35493
 4.035E+06 6.95219
 4.04E+06 7.58075
 4.045E+06 6.4361
 4.05E+06 6.55387
 4.055E+06 6.09618
 4.06E+06 6.81039
 4.065E+06 6.37846
 4.07E+06 6.99706
 4.075E+06 7.26953
 4.08E+06 6.29627
 4.085E+06 7.25129
 4.09E+06 8.11199
 4.095E+06 8.24126
 4.1E+06 7.38305
 4.105E+06 8.22056
 4.11E+06 8.61303
 4.115E+06 8.14595
 4.12E+06 7.59732
 4.125E+06 8.06665
 4.13E+06 7.90909
 4.135E+06 8.07227
 4.14E+06 7.83928
 4.145E+06 7.51721
 4.15E+06 8.5378
 4.155E+06 8.64077
 4.16E+06 7.08262
 4.165E+06 8.79651
 4.17E+06 8.83364
 4.175E+06 8.8236
 4.18E+06 8.0504
 4.185E+06 7.4754
 4.19E+06 6.84459
 4.195E+06 7.84907
 4.2E+06 7.11356
 4.205E+06 6.53229
 4.21E+06 7.40024
 4.215E+06 7.05403
 4.22E+06 7.89004
 4.225E+06 8.2
 4.23E+06 7.13264
 4.235E+06 7.94636
 4.24E+06 7.86614
 4.245E+06 6.7795
 4.25E+06 8.1819
 4.255E+06 8.07847
 4.26E+06 7.47271
 4.265E+06 7.76398
 4.27E+06 8.47547
 4.275E+06 7.82512
 4.28E+06 7.69103
 4.285E+06 8.10006
 4.29E+06 7.50916
 4.295E+06 7.40886
 4.3E+06 7.84036
 4.305E+06 8.32939
 4.31E+06 8.11006
 4.315E+06 8.18987
 4.32E+06 8.24166
 4.325E+06 7.08041
 4.33E+06 8.52993
 4.335E+06 7.70962
 4.34E+06 8.25248
 4.345E+06 6.65647
 4.35E+06 8.17208
 4.355E+06 7.47774
 4.36E+06 7.13719
 4.365E+06 8.15082
 4.37E+06 7.86081
 4.375E+06 8.32283
 4.38E+06 7.41229
 4.385E+06 7.55004
 4.39E+06 6.49637
 4.395E+06 7.17459
 4.4E+06 7.94256
 4.405E+06 7.21755
 4.41E+06 7.50672
 4.415E+06 8.33353
 4.42E+06 8.1408
 4.425E+06 5.73686
 4.43E+06 7.24973
 4.435E+06 7.76823
 4.44E+06 7.3068
 4.445E+06 6.4507
 4.45E+06 6.04216
 4.455E+06 6.41909
 4.46E+06 7.50987
 4.465E+06 7.14433
 4.47E+06 6.60682
 4.475E+06 6.64243
 4.48E+06 7.37348
 4.485E+06 6.56203
 4.49E+06 6.35698
 4.495E+06 6.18539
 4.5E+06 6.9926
 4.505E+06 6.67068
 4.51E+06 6.65882
 4.515E+06 6.61833
 4.52E+06 6.28033
 4.525E+06 6.57144
 4.53E+06 7.12788
 4.535E+06 6.64963
 4.54E+06 6.47451
 4.545E+06 6.67435
 4.55E+06 6.35577
 4.555E+06 7.08263
 4.56E+06 6.85113
 4.565E+06 7.29738
 4.57E+06 6.59009
 4.575E+06 7.00497
 4.58E+06 6.73311
 4.585E+06 6.08329
 4.59E+06 6.44324
 4.595E+06 6.19803
 4.6E+06 7.59506
 4.605E+06 7.9173
 4.61E+06 7.04407
 4.615E+06 6.47204
 4.62E+06 6.85982
 4.625E+06 5.83424
 4.63E+06 6.82853
 4.635E+06 6.61977
 4.64E+06 6.09035
 4.645E+06 7.04951
 4.65E+06 6.745
 4.655E+06 6.95715
 4.66E+06 7.79051
 4.665E+06 7.5357
 4.67E+06 7.60166
 4.675E+06 6.78136
 4.68E+06 7.09063
 4.685E+06 7.47923
 4.69E+06 8.21467
 4.695E+06 7.75903
 4.7E+06 7.3258
 4.705E+06 6.8393
 4.71E+06 5.54257
 4.715E+06 7.30514
 4.72E+06 7.52963
 4.725E+06 7.17185
 4.73E+06 8.24717
 4.735E+06 7.80314
 4.74E+06 7.28185
 4.745E+06 7.53625
 4.75E+06 8.48243
 4.755E+06 8.50907
 4.76E+06 8.48217
 4.765E+06 7.64141
 4.77E+06 7.36424
 4.775E+06 8.24618
 4.78E+06 7.26753
 4.785E+06 7.05601
 4.79E+06 7.09582
 4.795E+06 8.07944
 4.8E+06 6.81597
 4.805E+06 6.30445
 4.81E+06 5.58574
 4.815E+06 7.10725
 4.82E+06 7.53028
 4.825E+06 6.32792
 4.83E+06 6.73264
 4.835E+06 7.5214
 4.84E+06 7.81162
 4.845E+06 7.83024
 4.85E+06 8.71543
 4.855E+06 7.60131
 4.86E+06 8.49025
 4.865E+06 8.54258
 4.87E+06 8.04808
 4.875E+06 7.20407
 4.88E+06 6.87061
 4.885E+06 7.17872
 4.89E+06 7.95848
 4.895E+06 7.49478
 4.9E+06 7.79598
 4.905E+06 8.35686
 4.91E+06 7.45004
 4.915E+06 8.21918
 4.92E+06 8.0704
 4.925E+06 7.48452
 4.93E+06 7.33481
 4.935E+06 7.20617
 4.94E+06 7.25291
 4.945E+06 7.70618
 4.95E+06 7.63937
 4.955E+06 7.78577
 4.96E+06 6.32854
 4.965E+06 6.40149
 4.97E+06 6.80137
 4.975E+06 5.97191
 4.98E+06 6.73402
 4.985E+06 6.15984
 4.99E+06 7.34522
 4.995E+06 6.28399
 5E+06 6.51051
 5.005E+06 6.67224
 5.01E+06 6.02131
 5.015E+06 5.78074
 5.02E+06 6.12368
 5.025E+06 5.66226
 5.03E+06 6.50932
 5.035E+06 6.80991
 5.04E+06 7.10764
 5.045E+06 8.13766
 5.05E+06 7.05607
 5.055E+06 7.34831
 5.06E+06 8.28782
 5.065E+06 8.32565
 5.07E+06 8.01894
 5.075E+06 7.93299
 5.08E+06 7.37036
 5.085E+06 7.65347
 5.09E+06 6.64795
 5.095E+06 6.93327
 5.1E+06 7.24148
 5.105E+06 6.64735
 5.11E+06 7.53384
 5.115E+06 6.86358
 5.12E+06 8.14768
 5.125E+06 5.53681
 5.13E+06 6.58106
 5.135E+06 7.27796
 5.14E+06 8.1545
 5.145E+06 5.0923
 5.15E+06 8.17292
 5.155E+06 8.0588
 5.16E+06 7.40694
 5.165E+06 7.76174
 5.17E+06 6.83753
 5.175E+06 7.2633
 5.18E+06 7.43059
 5.185E+06 6.82984
 5.19E+06 6.80794
 5.195E+06 6.06245
 5.2E+06 7.26823
 5.205E+06 6.86081
 5.21E+06 6.4093
 5.215E+06 7.49901
 5.22E+06 7.89215
 5.225E+06 7.75258
 5.23E+06 7.14388
 5.235E+06 8.33684
 5.24E+06 8.78709
 5.245E+06 8.65319
 5.25E+06 8.15591
 5.255E+06 9.09071
 5.26E+06 8.95633
 5.265E+06 8.39774
 5.27E+06 9.2965
 5.275E+06 8.61119
 5.28E+06 8.22172
 5.285E+06 6.54426
 5.29E+06 8.97911
 5.295E+06 7.54366
 5.3E+06 7.18334
 5.305E+06 6.82791
 5.31E+06 7.35553
 5.315E+06 6.90065
 5.32E+06 7.16371
 5.325E+06 7.56582
 5.33E+06 7.8432
 5.335E+06 6.69709
 5.34E+06 6.74493
 5.345E+06 8.88138
 5.35E+06 8.56799
 5.355E+06 7.93384
 5.36E+06 8.49933
 5.365E+06 7.96081
 5.37E+06 7.00871
 5.375E+06 7.24097
 5.38E+06 7.09253
 5.385E+06 7.26546
 5.39E+06 7.41386
 5.395E+06 7.0701
 5.4E+06 6.59769
 5.405E+06 6.94933
 5.41E+06 4.9536
 5.415E+06 4.36859
 5.42E+06 5.29694
 5.425E+06 4.87289
 5.43E+06 5.91223
 5.435E+06 4.60384
 5.44E+06 5.54211
 5.445E+06 4.12548
 5.45E+06 4.2697
 5.455E+06 6.06748
 5.46E+06 6.50257
 5.465E+06 5.22768
 5.47E+06 4.92759
 5.475E+06 6.80005
 5.48E+06 7.12037
 5.485E+06 6.17822
 5.49E+06 6.23047
 5.495E+06 7.50371
 5.5E+06 6.73347
 5.505E+06 7.01242
 5.51E+06 7.53762
 5.515E+06 7.05905
 5.52E+06 8.2987
 5.525E+06 8.60675
 5.53E+06 8.30621
 5.535E+06 8.35748
 5.54E+06 7.5819
 5.545E+06 8.10754
 5.55E+06 9.29008
 5.555E+06 9.64559
 5.56E+06 10.1251
 5.565E+06 9.40497
 5.57E+06 8.79698
 5.575E+06 9.49074
 5.58E+06 9.71857
 5.585E+06 8.99215
 5.59E+06 9.27425
 5.595E+06 9.289
 5.6E+06 8.72625
 5.605E+06 9.00279
 5.61E+06 9.48066
 5.615E+06 8.65526
 5.62E+06 8.8407
 5.625E+06 9.09174
 5.63E+06 10.0946
 5.635E+06 9.07893
 5.64E+06 9.64215
 5.645E+06 9.34731
 5.65E+06 9.68302
 5.655E+06 9.40927
 5.66E+06 9.5603
 5.665E+06 10.3256
 5.67E+06 8.8512
 5.675E+06 9.84973
 5.68E+06 8.29191
 5.685E+06 9.20797
 5.69E+06 8.99332
 5.695E+06 9.52738
 5.7E+06 9.46553
 5.705E+06 9.82692
 5.71E+06 9.63499
 5.715E+06 9.64581
 5.72E+06 9.49774
 5.725E+06 8.96133
 5.73E+06 9.58034
 5.735E+06 8.15029
 5.74E+06 9.07811
 5.745E+06 8.37032
 5.75E+06 7.38453
 5.755E+06 8.56848
 5.76E+06 8.96699
 5.765E+06 8.25219
 5.77E+06 7.30061
 5.775E+06 7.14287
 5.78E+06 7.79605
 5.785E+06 7.52249
 5.79E+06 8.23334
 5.795E+06 8.66445
 5.8E+06 7.2913
 5.805E+06 8.54134
 5.81E+06 7.94957
 5.815E+06 8.00314
 5.82E+06 9.32194
 5.825E+06 10.2579
 5.83E+06 10.3093
 5.835E+06 10.0288
 5.84E+06 8.02169
 5.845E+06 8.18632
 5.85E+06 8.47461
 5.855E+06 8.78964
 5.86E+06 7.99412
 5.865E+06 8.12705
 5.87E+06 8.53937
 5.875E+06 8.93528
 5.88E+06 9.44535
 5.885E+06 8.30791
 5.89E+06 8.76649
 5.895E+06 7.77779
 5.9E+06 8.63338
 5.905E+06 8.56525
 5.91E+06 7.50587
 5.915E+06 8.76922
 5.92E+06 8.57351
 5.925E+06 7.25694
 5.93E+06 7.46049
 5.935E+06 8.02152
 5.94E+06 8.88414
 5.945E+06 9.78134
 5.95E+06 8.20486
 5.955E+06 8.60712
 5.96E+06 9.04936
 5.965E+06 9.01624
 5.97E+06 8.15804
 5.975E+06 8.44822
 5.98E+06 8.14785
 5.985E+06 7.44499
 5.99E+06 7.29442
 5.995E+06 7.1617
 6E+06 7.97581
 6.005E+06 8.19851
 6.01E+06 7.95041
 6.015E+06 8.9274
 6.02E+06 8.7781
 6.025E+06 8.71032
 6.03E+06 8.41674
 6.035E+06 8.76558
 6.04E+06 7.89426
 6.045E+06 6.90903
 6.05E+06 7.32316
 6.055E+06 6.86703
 6.06E+06 6.58726
 6.065E+06 6.79239
 6.07E+06 6.308
 6.075E+06 7.35171
 6.08E+06 5.94658
 6.085E+06 5.98443
 6.09E+06 6.53849
 6.095E+06 7.15718
 6.1E+06 7.0522
 6.105E+06 7.5648
 6.11E+06 6.51432
 6.115E+06 5.30021
 6.12E+06 8.0605
 6.125E+06 7.74899
 6.13E+06 6.79866
 6.135E+06 5.88359
 6.14E+06 6.19981
 6.145E+06 8.13248
 6.15E+06 6.40294
 6.155E+06 7.58121
 6.16E+06 7.2785
 6.165E+06 6.69244
 6.17E+06 7.35171
 6.175E+06 7.88598
 6.18E+06 6.84352
 6.185E+06 7.3047
 6.19E+06 7.21949
 6.195E+06 8.80702
 6.2E+06 8.72155
 6.205E+06 7.02587
 6.21E+06 6.58343
 6.215E+06 8.31798
 6.22E+06 9.2425
 6.225E+06 8.0292
 6.23E+06 7.85227
 6.235E+06 9.02597
 6.24E+06 9.32817
 6.245E+06 8.6643
 6.25E+06 7.3155
 6.255E+06 6.77693
 6.26E+06 7.45796
 6.265E+06 7.49442
 6.27E+06 7.90918
 6.275E+06 6.82394
 6.28E+06 7.56121
 6.285E+06 6.47293
 6.29E+06 6.72944
 6.295E+06 7.61827
 6.3E+06 7.41682
 6.305E+06 7.11417
 6.31E+06 7.51767
 6.315E+06 7.21382
 6.32E+06 7.61952
 6.325E+06 6.9803
 6.33E+06 8.03901
 6.335E+06 6.10076
 6.34E+06 7.91429
 6.345E+06 7.56804
 6.35E+06 7.20913
 6.355E+06 5.60743
 6.36E+06 5.74407
 6.365E+06 6.28584
 6.37E+06 7.03265
 6.375E+06 7.40013
 6.38E+06 7.05134
 6.385E+06 6.9499
 6.39E+06 7.1282
 6.395E+06 8.13931
 6.4E+06 7.90336
 6.405E+06 9.42265
 6.41E+06 8.19201
 6.415E+06 8.44675
 6.42E+06 7.40658
 6.425E+06 8.05374
 6.43E+06 7.05081
 6.435E+06 7.48288
 6.44E+06 6.89447
 6.445E+06 8.55671
 6.45E+06 9.22864
 6.455E+06 8.20457
 6.46E+06 7.94793
 6.465E+06 7.94517
 6.47E+06 7.14509
 6.475E+06 6.71523
 6.48E+06 6.97376
 6.485E+06 6.87989
 6.49E+06 6.54136
 6.495E+06 7.13776
 6.5E+06 6.17251
 6.505E+06 7.00776
 6.51E+06 8.08083
 6.515E+06 6.2959
 6.52E+06 6.52441
 6.525E+06 6.33039
 6.53E+06 6.31254
 6.535E+06 6.98545
 6.54E+06 6.0754
 6.545E+06 7.04237
 6.55E+06 6.7106
 6.555E+06 6.97534
 6.56E+06 6.20603
 6.565E+06 6.7361
 6.57E+06 5.4636
 6.575E+06 6.40215
 6.58E+06 6.8138
 6.585E+06 7.39886
 6.59E+06 5.32071
 6.595E+06 6.64821
 6.6E+06 6.56636
 6.605E+06 6.40182
 6.61E+06 6.69151
 6.615E+06 7.2306
 6.62E+06 6.92111
 6.625E+06 5.80941
 6.63E+06 6.83494
 6.635E+06 6.15992
 6.64E+06 5.89804
 6.645E+06 5.69434
 6.65E+06 6.08603
 6.655E+06 6.56523
 6.66E+06 7.17629
 6.665E+06 5.78888
 6.67E+06 5.62086
 6.675E+06 6.20122
 6.68E+06 6.33102
 6.685E+06 6.61029
 6.69E+06 5.48955
 6.695E+06 6.40435
 6.7E+06 6.11999
 6.705E+06 6.45756
 6.71E+06 5.57395
 6.715E+06 6.03194
 6.72E+06 7.05036
 6.725E+06 6.51765
 6.73E+06 5.81186
 6.735E+06 6.78125
 6.74E+06 6.03052
 6.745E+06 6.46348
 6.75E+06 7.02713
 6.755E+06 6.06041
 6.76E+06 6.46849
 6.765E+06 8.50338
 6.77E+06 7.85296
 6.775E+06 7.48373
 6.78E+06 6.05579
 6.785E+06 6.69046
 6.79E+06 7.44218
 6.795E+06 7.49737
 6.8E+06 8.00296
 6.805E+06 7.49736
 6.81E+06 7.14872
 6.815E+06 7.3931
 6.82E+06 6.91075
 6.825E+06 7.84684
 6.83E+06 7.16293
 6.835E+06 7.21721
 6.84E+06 7.76851
 6.845E+06 7.68178
 6.85E+06 6.37007
 6.855E+06 6.93411
 6.86E+06 7.86541
 6.865E+06 7.41774
 6.87E+06 7.20669
 6.875E+06 7.70158
 6.88E+06 6.83755
 6.885E+06 6.96927
 6.89E+06 7.40855
 6.895E+06 7.55009
 6.9E+06 6.74693
 6.905E+06 6.67369
 6.91E+06 6.21603
 6.915E+06 6.14411
 6.92E+06 6.75058
 6.925E+06 6.43724
 6.93E+06 8.02112
 6.935E+06 7.02169
 6.94E+06 7.33947
 6.945E+06 8.03076
 6.95E+06 6.87052
 6.955E+06 6.84426
 6.96E+06 6.74831
 6.965E+06 7.88377
 6.97E+06 7.84775
 6.975E+06 7.21657
 6.98E+06 6.42558
 6.985E+06 7.1132
 6.99E+06 7.80651
 6.995E+06 7.50052
 7E+06 6.64477
 7.005E+06 7.0713
 7.01E+06 8.26832
 7.015E+06 7.12866
 7.02E+06 8.14787
 7.025E+06 6.25273
 7.03E+06 6.78173
 7.035E+06 6.7354
 7.04E+06 6.64064
 7.045E+06 6.90673
 7.05E+06 6.34025
 7.055E+06 7.22258
 7.06E+06 7.28606
 7.065E+06 7.03108
 7.07E+06 6.84395
 7.075E+06 8.93917
 7.08E+06 8.3499
 7.085E+06 7.31
 7.09E+06 7.32986
 7.095E+06 7.56234
 7.1E+06 7.08829
 7.105E+06 6.47251
 7.11E+06 8.01836
 7.115E+06 7.92305
 7.12E+06 7.53168
 7.125E+06 9.03545
 7.13E+06 8.1224
 7.135E+06 7.74092
 7.14E+06 7.55309
 7.145E+06 6.0257
 7.15E+06 7.18501
 7.155E+06 7.12654
 7.16E+06 6.5454
 7.165E+06 8.04282
 7.17E+06 6.19542
 7.175E+06 6.5199
 7.18E+06 6.88285
 7.185E+06 6.39443
 7.19E+06 6.78586
 7.195E+06 7.1303
 7.2E+06 6.99003
 7.205E+06 7.10837
 7.21E+06 6.77804
 7.215E+06 6.20375
 7.22E+06 6.37269
 7.225E+06 6.55896
 7.23E+06 5.77878
 7.235E+06 5.06529
 7.24E+06 6.5984
 7.245E+06 6.60924
 7.25E+06 7.36045
 7.255E+06 7.84132
 7.26E+06 7.36881
 7.265E+06 7.13912
 7.27E+06 7.71616
 7.275E+06 7.87563
 7.28E+06 8.12485
 7.285E+06 6.74805
 7.29E+06 8.3814
 7.295E+06 7.31374
 7.3E+06 7.22781
 7.305E+06 9.16018
 7.31E+06 8.04561
 7.315E+06 6.33471
 7.32E+06 6.89377
 7.325E+06 7.16533
 7.33E+06 8.23509
 7.335E+06 7.39553
 7.34E+06 6.49513
 7.345E+06 7.1754
 7.35E+06 7.49769
 7.355E+06 7.17735
 7.36E+06 7.94081
 7.365E+06 7.55844
 7.37E+06 7.24908
 7.375E+06 6.99985
 7.38E+06 7.06215
 7.385E+06 7.5959
 7.39E+06 8.39472
 7.395E+06 7.02636
 7.4E+06 6.11347
 7.405E+06 6.29477
 7.41E+06 6.45213
 7.415E+06 7.56337
 7.42E+06 6.7839
 7.425E+06 7.28705
 7.43E+06 8.42948
 7.435E+06 7.21154
 7.44E+06 6.61231
 7.445E+06 6.51913
 7.45E+06 7.45093
 7.455E+06 7.55169
 7.46E+06 7.41613
 7.465E+06 8.40306
 7.47E+06 8.06937
 7.475E+06 7.922
 7.48E+06 7.41143
 7.485E+06 7.86336
 7.49E+06 7.5839
 7.495E+06 7.3377
 7.5E+06 7.10336
 7.505E+06 7.2225
 7.51E+06 7.42514
 7.515E+06 7.28529
 7.52E+06 6.33351
 7.525E+06 6.96019
 7.53E+06 6.82393
 7.535E+06 6.35137
 7.54E+06 7.3064
 7.545E+06 7.55739
 7.55E+06 6.03358
 7.555E+06 6.4726
 7.56E+06 6.80742
 7.565E+06 7.57016
 7.57E+06 7.20029
 7.575E+06 8.01847
 7.58E+06 7.40487
 7.585E+06 7.79315
 7.59E+06 7.97971
 7.595E+06 7.45108
 7.6E+06 7.6844
 7.605E+06 7.42699
 7.61E+06 6.05627
 7.615E+06 6.58928
 7.62E+06 5.76826
 7.625E+06 7.86094
 7.63E+06 7.38955
 7.635E+06 7.63948
 7.64E+06 8.14148
 7.645E+06 8.368
 7.65E+06 7.94398
 7.655E+06 7.92215
 7.66E+06 8.06679
 7.665E+06 8.11821
 7.67E+06 7.38332
 7.675E+06 7.52288
 7.68E+06 7.04275
 7.685E+06 8.03151
 7.69E+06 7.77489
 7.695E+06 6.71241
 7.7E+06 6.66749
 7.705E+06 7.61714
 7.71E+06 6.79092
 7.715E+06 6.74432
 7.72E+06 7.12748
 7.725E+06 7.28797
 7.73E+06 8.26086
 7.735E+06 7.80231
 7.74E+06 8.06586
 7.745E+06 8.63371
 7.75E+06 8.89684
 7.755E+06 8.36628
 7.76E+06 7.84495
 7.765E+06 7.33473
 7.77E+06 8.20033
 7.775E+06 8.30302
 7.78E+06 7.88695
 7.785E+06 7.02488
 7.79E+06 6.67733
 7.795E+06 7.82956
 7.8E+06 7.65867
 7.805E+06 9.2917
 7.81E+06 8.35665
 7.815E+06 9.18894
 7.82E+06 8.38077
 7.825E+06 8.31442
 7.83E+06 8.35324
 7.835E+06 8.24797
 7.84E+06 7.34441
 7.845E+06 7.55911
 7.85E+06 7.64529
 7.855E+06 7.24524
 7.86E+06 7.31633
 7.865E+06 6.58677
 7.87E+06 7.96375
 7.875E+06 7.56755
 7.88E+06 7.08467
 7.885E+06 7.36196
 7.89E+06 6.57605
 7.895E+06 7.48389
 7.9E+06 8.20477
 7.905E+06 8.03314
 7.91E+06 7.82829
 7.915E+06 6.61054
 7.92E+06 8.10927
 7.925E+06 7.56132
 7.93E+06 7.60227
 7.935E+06 7.8849
 7.94E+06 8.09995
 7.945E+06 8.44415
 7.95E+06 9.60617
 7.955E+06 8.90478
 7.96E+06 8.38478
 7.965E+06 9.30866
 7.97E+06 7.48661
 7.975E+06 8.76587
 7.98E+06 9.27179
 7.985E+06 9.35875
 7.99E+06 9.55849
 7.995E+06 9.65769
 8E+06 9.53728
 8.005E+06 9.98043
 8.01E+06 8.95425
 8.015E+06 9.47649
 8.02E+06 9.10529
 8.025E+06 7.67165
 8.03E+06 8.73536
 8.035E+06 8.6793
 8.04E+06 8.70219
 8.045E+06 8.65183
 8.05E+06 8.77766
 8.055E+06 8.08736
 8.06E+06 8.08306
 8.065E+06 7.84256
 8.07E+06 8.74048
 8.075E+06 7.33536
 8.08E+06 6.46584
 8.085E+06 7.53541
 8.09E+06 6.04829
 8.095E+06 7.08346
 8.1E+06 7.56809
 8.105E+06 7.7642
 8.11E+06 7.3827
 8.115E+06 6.89455
 8.12E+06 7.98002
 8.125E+06 5.53714
 8.13E+06 7.04775
 8.135E+06 6.4919
 8.14E+06 7.17248
 8.145E+06 7.34722
 8.15E+06 6.91663
 8.155E+06 6.78846
 8.16E+06 6.22434
 8.165E+06 7.63277
 8.17E+06 6.28256
 8.175E+06 7.37083
 8.18E+06 7.08413
 8.185E+06 5.84314
 8.19E+06 7.14514
 8.195E+06 7.37715
 8.2E+06 7.83203
 8.205E+06 7.14996
 8.21E+06 7.59235
 8.215E+06 6.79874
 8.22E+06 6.62841
 8.225E+06 6.72198
 8.23E+06 7.18652
 8.235E+06 7.81516
 8.24E+06 7.17826
 8.245E+06 7.45008
 8.25E+06 6.68829
 8.255E+06 6.60963
 8.26E+06 7.41039
 8.265E+06 6.49074
 8.27E+06 6.08804
 8.275E+06 6.9092
 8.28E+06 8.58518
 8.285E+06 7.90552
 8.29E+06 7.32325
 8.295E+06 6.48549
 8.3E+06 7.21416
 8.305E+06 6.69691
 8.31E+06 6.43024
 8.315E+06 6.37891
 8.32E+06 6.97822
 8.325E+06 6.65728
 8.33E+06 6.70552
 8.335E+06 7.73363
 8.34E+06 7.04643
 8.345E+06 6.47463
 8.35E+06 7.67539
 8.355E+06 5.8525
 8.36E+06 7.205
 8.365E+06 7.70394
 8.37E+06 7.37233
 8.375E+06 7.71946
 8.38E+06 8.20556
 8.385E+06 7.5926
 8.39E+06 7.10037
 8.395E+06 6.34983
 8.4E+06 7.96648
 8.405E+06 7.95636
 8.41E+06 6.93919
 8.415E+06 6.99233
 8.42E+06 7.34465
 8.425E+06 6.58027
 8.43E+06 6.36967
 8.435E+06 6.40154
 8.44E+06 6.88458
 8.445E+06 6.695
 8.45E+06 6.54428
 8.455E+06 6.40611
 8.46E+06 7.47
 8.465E+06 6.00653
 8.47E+06 7.28504
 8.475E+06 8.15792
 8.48E+06 7.82376
 8.485E+06 8.4716
 8.49E+06 6.88266
 8.495E+06 7.12008
 8.5E+06 6.83289
 8.505E+06 7.78489
 8.51E+06 6.32523
 8.515E+06 7.90997
 8.52E+06 6.32643
 8.525E+06 6.46553
 8.53E+06 7.38725
 8.535E+06 7.30874
 8.54E+06 7.80861
 8.545E+06 7.44569
 8.55E+06 7.44414
 8.555E+06 7.97562
 8.56E+06 8.05853
 8.565E+06 6.22655
 8.57E+06 7.55036
 8.575E+06 7.68094
 8.58E+06 6.28865
 8.585E+06 7.43648
 8.59E+06 8.18107
 8.595E+06 7.36629
 8.6E+06 7.03334
 8.605E+06 7.28717
 8.61E+06 7.08624
 8.615E+06 6.86453
 8.62E+06 7.7357
 8.625E+06 7.41293
 8.63E+06 6.20784
 8.635E+06 8.80118
 8.64E+06 7.67607
 8.645E+06 7.71428
 8.65E+06 7.98521
 8.655E+06 7.63288
 8.66E+06 9.1156
 8.665E+06 7.9774
 8.67E+06 8.72771
 8.675E+06 8.97075
 8.68E+06 8.12009
 8.685E+06 8.55172
 8.69E+06 6.66068
 8.695E+06 7.66651
 8.7E+06 6.50429
 8.705E+06 7.17878
 8.71E+06 6.40205
 8.715E+06 5.56788
 8.72E+06 6.7395
 8.725E+06 6.12292
 8.73E+06 6.24228
 8.735E+06 7.53916
 8.74E+06 6.51587
 8.745E+06 6.99022
 8.75E+06 7.76432
 8.755E+06 7.74842
 8.76E+06 8.04238
 8.765E+06 7.1115
 8.77E+06 6.48595
 8.775E+06 9.04129
 8.78E+06 8.24859
 8.785E+06 7.52163
 8.79E+06 6.86251
 8.795E+06 7.51995
 8.8E+06 7.37515
 8.805E+06 8.59916
 8.81E+06 9.21844
 8.815E+06 9.12199
 8.82E+06 8.42982
 8.825E+06 9.1622
 8.83E+06 8.53918
 8.835E+06 8.87961
 8.84E+06 8.43051
 8.845E+06 8.73491
 8.85E+06 7.6742
 8.855E+06 7.48453
 8.86E+06 7.05619
 8.865E+06 7.58649
 8.87E+06 7.95224
 8.875E+06 8.29765
 8.88E+06 7.90811
 8.885E+06 7.46561
 8.89E+06 7.62549
 8.895E+06 7.65941
 8.9E+06 7.86001
 8.905E+06 6.95853
 8.91E+06 7.64682
 8.915E+06 7.63173
 8.92E+06 8.34842
 8.925E+06 7.99804
 8.93E+06 8.62795
 8.935E+06 7.9077
 8.94E+06 7.74845
 8.945E+06 8.14209
 8.95E+06 7.62354
 8.955E+06 8.36702
 8.96E+06 9.07695
 8.965E+06 8.09636
 8.97E+06 8.85962
 8.975E+06 7.5695
 8.98E+06 7.79957
 8.985E+06 9.03598
 8.99E+06 8.12172
 8.995E+06 8.44885
 9E+06 6.83079
 9.005E+06 8.20172
 9.01E+06 8.0407
 9.015E+06 7.77893
 9.02E+06 8.66956
 9.025E+06 7.80255
 9.03E+06 7.93567
 9.035E+06 6.66192
 9.04E+06 8.67666
 9.045E+06 8.00637
 9.05E+06 8.25445
 9.055E+06 8.47492
 9.06E+06 7.2088
 9.065E+06 8.00908
 9.07E+06 7.38331
 9.075E+06 7.34739
 9.08E+06 8.35596
 9.085E+06 8.44519
 9.09E+06 7.79517
 9.095E+06 7.71555
 9.1E+06 8.21556
 9.105E+06 8.25756
 9.11E+06 7.78768
 9.115E+06 7.70682
 9.12E+06 8.53855
 9.125E+06 7.8776
 9.13E+06 8.77422
 9.135E+06 9.21815
 9.14E+06 9.60702
 9.145E+06 9.19659
 9.15E+06 8.93435
 9.155E+06 9.27217
 9.16E+06 9.33667
 9.165E+06 8.7076
 9.17E+06 8.14401
 9.175E+06 8.19817
 9.18E+06 8.1898
 9.185E+06 7.93236
 9.19E+06 6.64219
 9.195E+06 8.04945
 9.2E+06 6.49022
 9.205E+06 6.4538
 9.21E+06 6.29623
 9.215E+06 7.21637
 9.22E+06 7.0733
 9.225E+06 8.44877
 9.23E+06 8.10064
 9.235E+06 8.10944
 9.24E+06 8.18737
 9.245E+06 8.45311
 9.25E+06 6.93796
 9.255E+06 7.59713
 9.26E+06 5.59226
 9.265E+06 5.59619
 9.27E+06 7.41381
 9.275E+06 7.31821
 9.28E+06 8.80984
 9.285E+06 8.3528
 9.29E+06 8.16849
 9.295E+06 7.54663
 9.3E+06 7.99106
 9.305E+06 8.37151
 9.31E+06 6.9926
 9.315E+06 7.64109
 9.32E+06 8.05976
 9.325E+06 8.0579
 9.33E+06 6.55091
 9.335E+06 8.32689
 9.34E+06 7.47693
 9.345E+06 6.56328
 9.35E+06 6.27667
 9.355E+06 6.97695
 9.36E+06 7.3816
 9.365E+06 5.99762
 9.37E+06 6.4811
 9.375E+06 8.18174
 9.38E+06 7.29032
 9.385E+06 7.39495
 9.39E+06 7.49823
 9.395E+06 8.52774
 9.4E+06 8.16022
 9.405E+06 7.88223
 9.41E+06 6.96916
 9.415E+06 8.3718
 9.42E+06 6.06231
 9.425E+06 7.70407
 9.43E+06 8.27372
 9.435E+06 7.2192
 9.44E+06 7.67805
 9.445E+06 7.62074
 9.45E+06 7.82498
 9.455E+06 6.91846
 9.46E+06 8.06007
 9.465E+06 8.32203
 9.47E+06 8.57769
 9.475E+06 8.29074
 9.48E+06 8.99076
 9.485E+06 8.38817
 9.49E+06 7.50213
 9.495E+06 7.74767
 9.5E+06 7.72495
 9.505E+06 7.65944
 9.51E+06 6.75824
 9.515E+06 6.28245
 9.52E+06 7.80247
 9.525E+06 8.5445
 9.53E+06 7.47664
 9.535E+06 6.64036
 9.54E+06 7.50265
 9.545E+06 8.62081
 9.55E+06 7.98118
 9.555E+06 6.79843
 9.56E+06 7.27067
 9.565E+06 7.38259
 9.57E+06 8.10685
 9.575E+06 6.0553
 9.58E+06 7.72931
 9.585E+06 7.97807
 9.59E+06 7.05801
 9.595E+06 7.03011
 9.6E+06 6.02335
 9.605E+06 7.38575
 9.61E+06 6.15064
 9.615E+06 7.14353
 9.62E+06 8.17757
 9.625E+06 7.43932
 9.63E+06 7.18291
 9.635E+06 6.0636
 9.64E+06 8.28019
 9.645E+06 6.62683
 9.65E+06 8.07588
 9.655E+06 7.34898
 9.66E+06 6.413
 9.665E+06 6.62221
 9.67E+06 7.59095
 9.675E+06 7.47572
 9.68E+06 6.68667
 9.685E+06 7.301
 9.69E+06 8.11061
 9.695E+06 8.28908
 9.7E+06 8.4682
 9.705E+06 7.87281
 9.71E+06 8.44262
 9.715E+06 7.94141
 9.72E+06 6.83425
 9.725E+06 8.41299
 9.73E+06 7.98363
 9.735E+06 7.10106
 9.74E+06 7.8193
 9.745E+06 7.5932
 9.75E+06 8.60096
 9.755E+06 6.37563
 9.76E+06 8.07614
 9.765E+06 7.31635
 9.77E+06 7.07867
 9.775E+06 8.55495
 9.78E+06 7.09626
 9.785E+06 8.13981
 9.79E+06 8.16699
 9.795E+06 8.34016
 9.8E+06 7.88778
 9.805E+06 8.06062
 9.81E+06 6.65624
 9.815E+06 7.44365
 9.82E+06 6.7815
 9.825E+06 7.19944
 9.83E+06 8.28628
 9.835E+06 8.35534
 9.84E+06 8.39114
 9.845E+06 6.8927
 9.85E+06 7.93558
 9.855E+06 6.98271
 9.86E+06 6.12624
 9.865E+06 7.41381
 9.87E+06 6.96911
 9.875E+06 6.1244
 9.88E+06 6.96079
 9.885E+06 7.85182
 9.89E+06 7.43666
 9.895E+06 7.84257
 9.9E+06 7.30351
 9.905E+06 7.24911
 9.91E+06 7.94202
 9.915E+06 8.02609
 9.92E+06 8.28614
 9.925E+06 8.75515
 9.93E+06 9.41595
 9.935E+06 7.82693
 9.94E+06 7.66222
 9.945E+06 8.21094
 9.95E+06 8.39498
 9.955E+06 8.93324
 9.96E+06 8.12039
 9.965E+06 8.34276
 9.97E+06 8.43217
 9.975E+06 8.34933
 9.98E+06 8.00749
 9.985E+06 8.37663
 9.99E+06 8.332
 9.995E+06 8.34725
 1E+07 8.10953
 1.0005E+07 8.7561
 1.001E+07 7.20891
 1.0015E+07 7.6954
 1.002E+07 7.59524
 1.0025E+07 8.31647
 1.003E+07 8.45554
 1.0035E+07 7.92054
 1.004E+07 8.11764
 1.0045E+07 7.86278
 1.005E+07 8.21835
 1.0055E+07 7.58945
 1.006E+07 8.49732
 1.0065E+07 8.01474
 1.007E+07 7.68405
 1.0075E+07 8.42587
 1.008E+07 7.94093
 1.0085E+07 8.4778
 1.009E+07 6.7354
 1.0095E+07 8.47559
 1.01E+07 8.55805
 1.0105E+07 7.84153
 1.011E+07 7.08109
 1.0115E+07 8.00935
 1.012E+07 8.54956
 1.0125E+07 8.63047
 1.013E+07 8.39555
 1.0135E+07 8.22837
 1.014E+07 7.79127
 1.0145E+07 8.63502
 1.015E+07 8.09956
 1.0155E+07 7.64121
 1.016E+07 7.25777
 1.0165E+07 7.43984
 1.017E+07 8.81675
 1.0175E+07 7.92458
 1.018E+07 8.4792
 1.0185E+07 8.09305
 1.019E+07 7.75049
 1.0195E+07 8.08986
 1.02E+07 8.37992
 1.0205E+07 7.97396
 1.021E+07 6.65243
 1.0215E+07 7.8859
 1.022E+07 6.36895
 1.0225E+07 6.18704
 1.023E+07 6.7314
 1.0235E+07 7.38311
 1.024E+07 7.0426
 1.0245E+07 8.53287
 1.025E+07 8.27435
 1.0255E+07 7.74276
 1.026E+07 7.4469
 1.0265E+07 8.19068
 1.027E+07 8.86326
 1.0275E+07 8.78337
 1.028E+07 7.77773
 1.0285E+07 8.34035
 1.029E+07 8.24244
 1.0295E+07 7.80534
 1.03E+07 7.97107
 1.0305E+07 7.78695
 1.031E+07 7.16377
 1.0315E+07 7.46292
 1.032E+07 7.28503
 1.0325E+07 7.45233
 1.033E+07 6.67549
 1.0335E+07 7.91618
 1.034E+07 8.11735
 1.0345E+07 6.96896
 1.035E+07 6.73767
 1.0355E+07 6.5816
 1.036E+07 8.1136
 1.0365E+07 7.46549
 1.037E+07 7.86135
 1.0375E+07 7.60742
 1.038E+07 7.93307
 1.0385E+07 8.29779
 1.039E+07 7.35477
 1.0395E+07 7.46333
 1.04E+07 7.73673
 1.0405E+07 7.10209
 1.041E+07 7.15577
 1.0415E+07 7.20016
 1.042E+07 8.1287
 1.0425E+07 6.96895
 1.043E+07 8.77836
 1.0435E+07 8.5164
 1.044E+07 6.67705
 1.0445E+07 7.73419
 1.045E+07 7.4549
 1.0455E+07 7.51564
 1.046E+07 8.21192
 1.0465E+07 8.41813
 1.047E+07 8.57048
 1.0475E+07 7.25821
 1.048E+07 7.35079
 1.0485E+07 7.0341
 1.049E+07 8.2673
 1.0495E+07 7.11276
 1.05E+07 7.69124
 1.0505E+07 8.11471
 1.051E+07 7.04419
 1.0515E+07 7.35588
 1.052E+07 7.08892
 1.0525E+07 7.41164
 1.053E+07 8.52722
 1.0535E+07 9.45829
 1.054E+07 8.38327
 1.0545E+07 7.29701
 1.055E+07 7.69782
 1.0555E+07 8.34441
 1.056E+07 8.16523
