 MINIMUM DISTANCE BETWEEN 14-139
 570000 10.2509
 575000 10.4646
 580000 9.55317
 585000 10.4622
 590000 11.1148
 595000 9.83683
 600000 10.2145
 605000 9.31496
 610000 9.93898
 615000 9.44966
 620000 10.1975
 625000 10.3058
 630000 9.41299
 635000 10.1842
 640000 10.4242
 645000 9.88085
 650000 9.91336
 655000 9.04558
 660000 10.0764
 665000 9.4805
 670000 9.43431
 675000 8.043
 680000 9.96499
 685000 7.60373
 690000 9.68802
 695000 10.0559
 700000 8.95753
 705000 9.69201
 710000 9.61567
 715000 9.64206
 720000 9.84107
 725000 8.57608
 730000 8.19954
 735000 8.31998
 740000 9.61127
 745000 9.46137
 750000 9.10519
 755000 8.28231
 760000 9.39057
 765000 9.13837
 770000 8.69488
 775000 8.05988
 780000 9.1243
 785000 8.21179
 790000 9.16162
 795000 7.88554
 800000 8.46474
 805000 7.49377
 810000 8.1761
 815000 8.27099
 820000 8.76669
 825000 9.20824
 830000 8.30992
 835000 8.28137
 840000 7.80675
 845000 8.81566
 850000 9.78404
 855000 7.35659
 860000 8.80059
 865000 8.52371
 870000 8.67526
 875000 8.61556
 880000 8.49718
 885000 9.73961
 890000 8.73353
 895000 10.1757
 900000 9.15069
 905000 10.2154
 910000 9.75369
 915000 9.96641
 920000 8.56689
 925000 9.41768
 930000 9.23569
 935000 9.71319
 940000 9.34133
 945000 8.8792
 950000 8.76761
 955000 9.14403
 960000 8.96101
 965000 8.39271
 970000 8.59258
 975000 9.10913
 980000 9.00411
 985000 9.07302
 990000 9.56761
 995000 8.27886
 1E+06 8.38023
 1.005E+06 9.56054
 1.01E+06 8.49915
 1.015E+06 8.8845
 1.02E+06 9.07213
 1.025E+06 9.54013
 1.03E+06 9.69781
 1.035E+06 8.53465
 1.04E+06 9.08589
 1.045E+06 9.96385
 1.05E+06 9.76006
 1.055E+06 9.03425
 1.06E+06 9.53722
 1.065E+06 10.2764
 1.07E+06 9.33933
 1.075E+06 9.61183
 1.08E+06 9.58869
 1.085E+06 9.47073
 1.09E+06 9.44778
 1.095E+06 9.48793
 1.1E+06 9.49435
 1.105E+06 9.85988
 1.11E+06 9.61104
 1.115E+06 10.2275
 1.12E+06 9.77315
 1.125E+06 9.15071
 1.13E+06 9.66042
 1.135E+06 9.06274
 1.14E+06 9.03443
 1.145E+06 8.96493
 1.15E+06 9.47268
 1.155E+06 8.81925
 1.16E+06 9.38064
 1.165E+06 9.34105
 1.17E+06 9.39873
 1.175E+06 8.50755
 1.18E+06 8.68173
 1.185E+06 8.39589
 1.19E+06 9.02686
 1.195E+06 8.67786
 1.2E+06 8.88222
 1.205E+06 9.34095
 1.21E+06 9.81295
 1.215E+06 8.88446
 1.22E+06 9.05386
 1.225E+06 8.90275
 1.23E+06 9.30156
 1.235E+06 9.56161
 1.24E+06 9.27734
 1.245E+06 9.25753
 1.25E+06 9.90258
 1.255E+06 9.66033
 1.26E+06 9.06706
 1.265E+06 9.47417
 1.27E+06 9.18439
 1.275E+06 8.61004
 1.28E+06 9.51749
 1.285E+06 9.07097
 1.29E+06 9.41974
 1.295E+06 8.76522
 1.3E+06 9.52046
 1.305E+06 9.35448
 1.31E+06 9.91547
 1.315E+06 9.3433
 1.32E+06 10.798
 1.325E+06 9.61058
 1.33E+06 9.04706
 1.335E+06 9.43759
 1.34E+06 9.68503
 1.345E+06 9.95364
 1.35E+06 9.57317
 1.355E+06 9.29246
 1.36E+06 9.96174
 1.365E+06 9.4477
 1.37E+06 9.73608
 1.375E+06 9.72961
 1.38E+06 9.28412
 1.385E+06 9.99769
 1.39E+06 9.74504
 1.395E+06 9.97569
 1.4E+06 9.99277
 1.405E+06 8.80524
 1.41E+06 9.78971
 1.415E+06 9.16263
 1.42E+06 9.283
 1.425E+06 9.70649
 1.43E+06 8.90337
 1.435E+06 8.80371
 1.44E+06 9.56433
 1.445E+06 9.61295
 1.45E+06 9.03647
 1.455E+06 8.40192
 1.46E+06 8.73826
 1.465E+06 9.73469
 1.47E+06 9.51276
 1.475E+06 9.77389
 1.48E+06 9.41268
 1.485E+06 9.68588
 1.49E+06 9.5669
 1.495E+06 9.10198
 1.5E+06 9.62502
 1.505E+06 9.30218
 1.51E+06 9.07646
 1.515E+06 9.4784
 1.52E+06 9.33747
 1.525E+06 8.91684
 1.53E+06 10.0242
 1.535E+06 9.25525
 1.54E+06 9.26647
 1.545E+06 10.1973
 1.55E+06 9.52983
 1.555E+06 9.25591
 1.56E+06 9.04
 1.565E+06 8.79123
 1.57E+06 9.26128
 1.575E+06 9.75573
 1.58E+06 9.44316
 1.585E+06 8.61251
 1.59E+06 8.61357
 1.595E+06 9.70685
 1.6E+06 9.25445
 1.605E+06 9.8032
 1.61E+06 9.67854
 1.615E+06 9.02762
 1.62E+06 7.58112
 1.625E+06 9.33582
 1.63E+06 9.39602
 1.635E+06 8.60087
 1.64E+06 9.30365
 1.645E+06 9.38484
 1.65E+06 9.1907
 1.655E+06 9.76639
 1.66E+06 9.32474
 1.665E+06 9.28875
 1.67E+06 9.83227
 1.675E+06 9.01988
 1.68E+06 9.06592
 1.685E+06 9.98841
 1.69E+06 8.80589
 1.695E+06 9.53546
 1.7E+06 9.40809
 1.705E+06 8.01646
 1.71E+06 10.6433
 1.715E+06 9.64333
 1.72E+06 9.19047
 1.725E+06 9.13104
 1.73E+06 10.0247
 1.735E+06 9.74884
 1.74E+06 8.82941
 1.745E+06 8.79401
 1.75E+06 9.31556
 1.755E+06 9.6379
 1.76E+06 9.47865
 1.765E+06 8.51469
 1.77E+06 8.5186
 1.775E+06 8.47217
 1.78E+06 8.41843
 1.785E+06 8.78573
 1.79E+06 8.98488
 1.795E+06 8.78401
 1.8E+06 9.22317
 1.805E+06 8.65407
 1.81E+06 8.04997
 1.815E+06 9.56972
 1.82E+06 10.1559
 1.825E+06 9.68819
 1.83E+06 10.2925
 1.835E+06 8.99656
 1.84E+06 9.63746
 1.845E+06 8.25685
 1.85E+06 10.1437
 1.855E+06 9.44425
 1.86E+06 10.391
 1.865E+06 8.65622
 1.87E+06 8.6503
 1.875E+06 9.99582
 1.88E+06 10.1566
 1.885E+06 9.14609
 1.89E+06 9.02292
 1.895E+06 9.30406
 1.9E+06 9.32573
 1.905E+06 9.87018
 1.91E+06 8.55284
 1.915E+06 9.69938
 1.92E+06 9.23329
 1.925E+06 8.27649
 1.93E+06 9.87313
 1.935E+06 9.29657
 1.94E+06 9.12153
 1.945E+06 8.36708
 1.95E+06 8.97975
 1.955E+06 8.51034
 1.96E+06 8.96551
 1.965E+06 9.47872
 1.97E+06 10.5972
 1.975E+06 9.72467
 1.98E+06 9.33453
 1.985E+06 8.21124
 1.99E+06 7.28924
 1.995E+06 7.65069
 2E+06 8.83119
 2.005E+06 8.54649
 2.01E+06 8.16238
 2.015E+06 9.65139
 2.02E+06 10.2107
 2.025E+06 10.0069
 2.03E+06 9.93031
 2.035E+06 10.1293
 2.04E+06 9.5376
 2.045E+06 8.88428
 2.05E+06 8.24497
 2.055E+06 9.09517
 2.06E+06 8.46768
 2.065E+06 9.6871
 2.07E+06 9.1912
 2.075E+06 9.63708
 2.08E+06 9.94531
 2.085E+06 8.54075
 2.09E+06 8.52413
 2.095E+06 7.75206
 2.1E+06 8.69655
 2.105E+06 10.1188
 2.11E+06 8.04666
 2.115E+06 9.06796
 2.12E+06 8.40875
 2.125E+06 7.9088
 2.13E+06 8.17465
 2.135E+06 8.6163
 2.14E+06 8.83014
 2.145E+06 9.66601
 2.15E+06 9.49097
 2.155E+06 9.15501
 2.16E+06 9.65142
 2.165E+06 8.94809
 2.17E+06 9.05615
 2.175E+06 9.20417
 2.18E+06 9.10029
 2.185E+06 8.46192
 2.19E+06 8.58686
 2.195E+06 9.50884
 2.2E+06 8.90057
 2.205E+06 9.11833
 2.21E+06 9.02405
 2.215E+06 8.52491
 2.22E+06 8.81126
 2.225E+06 9.02652
 2.23E+06 9.18708
 2.235E+06 9.5292
 2.24E+06 9.09673
 2.245E+06 9.21918
 2.25E+06 9.1612
 2.255E+06 8.78333
 2.26E+06 8.96937
 2.265E+06 9.28214
 2.27E+06 9.54589
 2.275E+06 9.25613
 2.28E+06 8.72153
 2.285E+06 9.38499
 2.29E+06 8.14082
 2.295E+06 8.9498
 2.3E+06 7.49376
 2.305E+06 8.74059
 2.31E+06 8.14904
 2.315E+06 8.821
 2.32E+06 9.5214
 2.325E+06 8.77003
 2.33E+06 9.47731
 2.335E+06 8.82412
 2.34E+06 8.68097
 2.345E+06 7.59834
 2.35E+06 8.54845
 2.355E+06 9.35987
 2.36E+06 8.52291
 2.365E+06 8.13327
 2.37E+06 9.15123
 2.375E+06 9.21444
 2.38E+06 9.00167
 2.385E+06 8.88574
 2.39E+06 9.01005
 2.395E+06 9.24495
 2.4E+06 8.79258
 2.405E+06 9.18992
 2.41E+06 9.0894
 2.415E+06 9.32306
 2.42E+06 9.81647
 2.425E+06 9.97672
 2.43E+06 9.52493
 2.435E+06 8.60192
 2.44E+06 8.99254
 2.445E+06 8.42895
 2.45E+06 8.94673
 2.455E+06 8.47392
 2.46E+06 8.49069
 2.465E+06 8.76612
 2.47E+06 8.98629
 2.475E+06 9.54097
 2.48E+06 8.44932
 2.485E+06 9.69981
 2.49E+06 9.07341
 2.495E+06 8.87392
 2.5E+06 9.02499
 2.505E+06 7.93591
 2.51E+06 8.75688
 2.515E+06 8.03614
 2.52E+06 7.60395
 2.525E+06 8.81556
 2.53E+06 8.83901
 2.535E+06 8.71249
 2.54E+06 9.19054
 2.545E+06 9.10592
 2.55E+06 8.12449
 2.555E+06 8.34658
 2.56E+06 8.08169
 2.565E+06 9.16478
 2.57E+06 8.98839
 2.575E+06 8.68747
 2.58E+06 8.59606
 2.585E+06 8.70599
 2.59E+06 8.40475
 2.595E+06 8.53062
 2.6E+06 8.14143
 2.605E+06 8.29257
 2.61E+06 8.32164
 2.615E+06 9.30536
 2.62E+06 9.1333
 2.625E+06 8.45682
 2.63E+06 9.55705
 2.635E+06 10.5633
 2.64E+06 10.1774
 2.645E+06 10.0001
 2.65E+06 9.68347
 2.655E+06 9.99834
 2.66E+06 8.19272
 2.665E+06 8.21259
 2.67E+06 9.09167
 2.675E+06 9.13626
 2.68E+06 9.44647
 2.685E+06 8.21805
 2.69E+06 8.5755
 2.695E+06 8.23127
 2.7E+06 8.61163
 2.705E+06 8.20133
 2.71E+06 9.53199
 2.715E+06 8.96321
 2.72E+06 8.79879
 2.725E+06 8.8019
 2.73E+06 8.20497
 2.735E+06 8.89181
 2.74E+06 9.33699
 2.745E+06 8.48896
 2.75E+06 8.95402
 2.755E+06 8.60813
 2.76E+06 9.00766
 2.765E+06 8.51132
 2.77E+06 8.76895
 2.775E+06 8.4191
 2.78E+06 8.27257
 2.785E+06 8.97622
 2.79E+06 9.56873
 2.795E+06 9.65134
 2.8E+06 8.69367
 2.805E+06 9.21262
 2.81E+06 8.49986
 2.815E+06 9.42615
 2.82E+06 8.37816
 2.825E+06 8.27346
 2.83E+06 9.17104
 2.835E+06 9.09271
 2.84E+06 7.91102
 2.845E+06 9.96589
 2.85E+06 9.34248
 2.855E+06 7.97824
 2.86E+06 8.85617
 2.865E+06 8.3968
 2.87E+06 8.48131
 2.875E+06 9.35825
 2.88E+06 9.72465
 2.885E+06 8.41479
 2.89E+06 9.25533
 2.895E+06 8.55536
 2.9E+06 9.08893
 2.905E+06 9.04617
 2.91E+06 8.89416
 2.915E+06 8.8221
 2.92E+06 8.74392
 2.925E+06 8.4801
 2.93E+06 9.12907
 2.935E+06 10.0767
 2.94E+06 9.46119
 2.945E+06 9.49446
 2.95E+06 10.066
 2.955E+06 9.27302
 2.96E+06 7.69317
 2.965E+06 9.02687
 2.97E+06 8.93916
 2.975E+06 9.87322
 2.98E+06 9.55144
 2.985E+06 9.09845
 2.99E+06 9.68211
 2.995E+06 9.49754
 3E+06 7.69996
 3.005E+06 7.56056
 3.01E+06 9.07593
 3.015E+06 8.81494
 3.02E+06 7.81342
 3.025E+06 8.96782
 3.03E+06 9.14471
 3.035E+06 8.8264
 3.04E+06 8.27882
 3.045E+06 8.95436
 3.05E+06 8.55046
 3.055E+06 8.50289
 3.06E+06 8.02303
 3.065E+06 8.50307
 3.07E+06 7.91748
 3.075E+06 7.06755
 3.08E+06 8.59956
 3.085E+06 8.77758
 3.09E+06 9.15467
 3.095E+06 9.30216
 3.1E+06 9.17784
 3.105E+06 9.95496
 3.11E+06 9.2699
 3.115E+06 9.30862
 3.12E+06 8.9157
 3.125E+06 9.21015
 3.13E+06 9.69507
 3.135E+06 9.2963
 3.14E+06 9.6088
 3.145E+06 9.41555
 3.15E+06 9.46936
 3.155E+06 9.28926
 3.16E+06 9.37031
 3.165E+06 9.38236
 3.17E+06 9.66206
 3.175E+06 9.38592
 3.18E+06 10.1614
 3.185E+06 10.0991
 3.19E+06 10.1135
 3.195E+06 9.64237
 3.2E+06 10.4762
 3.205E+06 10.4758
 3.21E+06 10.1935
 3.215E+06 10.6278
 3.22E+06 9.72528
 3.225E+06 10.308
 3.23E+06 9.5394
 3.235E+06 9.91625
 3.24E+06 10.2889
 3.245E+06 10.9618
 3.25E+06 11.2505
 3.255E+06 10.7017
 3.26E+06 9.63536
 3.265E+06 10.3919
 3.27E+06 10.041
 3.275E+06 11.1495
 3.28E+06 9.93016
 3.285E+06 9.40753
 3.29E+06 9.97917
 3.295E+06 9.67118
 3.3E+06 10.2532
 3.305E+06 9.83762
 3.31E+06 9.90872
 3.315E+06 9.87233
 3.32E+06 10.4031
 3.325E+06 10.7877
 3.33E+06 10.5226
 3.335E+06 10.7786
 3.34E+06 11.3875
 3.345E+06 10.0652
 3.35E+06 9.75231
 3.355E+06 10.3987
 3.36E+06 10.1005
 3.365E+06 10.4648
 3.37E+06 10.8878
 3.375E+06 10.2301
 3.38E+06 10.5933
 3.385E+06 9.30309
 3.39E+06 10.1581
 3.395E+06 10.0208
 3.4E+06 11.1464
 3.405E+06 9.97922
 3.41E+06 10.5744
 3.415E+06 9.95312
 3.42E+06 10.1206
 3.425E+06 9.40486
 3.43E+06 9.99557
 3.435E+06 9.74581
 3.44E+06 10.2665
 3.445E+06 9.86954
 3.45E+06 10.8905
 3.455E+06 9.5455
 3.46E+06 10.2315
 3.465E+06 10.351
 3.47E+06 10.9075
 3.475E+06 10.2105
 3.48E+06 10.2662
 3.485E+06 9.08091
 3.49E+06 10.117
 3.495E+06 9.41775
 3.5E+06 9.36485
 3.505E+06 10.6798
 3.51E+06 9.98899
 3.515E+06 10.3566
 3.52E+06 9.47049
 3.525E+06 9.37956
 3.53E+06 9.50528
 3.535E+06 9.508
 3.54E+06 9.77502
 3.545E+06 9.61481
 3.55E+06 9.00364
 3.555E+06 8.52683
 3.56E+06 9.01456
 3.565E+06 9.30042
 3.57E+06 10.3204
 3.575E+06 9.87348
 3.58E+06 9.72455
 3.585E+06 10.1603
 3.59E+06 9.43029
 3.595E+06 9.41962
 3.6E+06 9.88777
 3.605E+06 10.3669
 3.61E+06 9.71992
 3.615E+06 9.62096
 3.62E+06 10.0713
 3.625E+06 9.98394
 3.63E+06 9.01149
 3.635E+06 9.91004
 3.64E+06 9.52058
 3.645E+06 10.3122
 3.65E+06 8.55451
 3.655E+06 9.74628
 3.66E+06 10.2611
 3.665E+06 10.2265
 3.67E+06 10.2107
 3.675E+06 9.85789
 3.68E+06 10.6441
 3.685E+06 9.68535
 3.69E+06 9.78364
 3.695E+06 9.8422
 3.7E+06 9.61774
 3.705E+06 9.01768
 3.71E+06 9.18022
 3.715E+06 9.33489
 3.72E+06 9.44277
 3.725E+06 9.25229
 3.73E+06 9.51044
 3.735E+06 9.91927
 3.74E+06 9.08738
 3.745E+06 9.02584
 3.75E+06 9.6135
 3.755E+06 9.09534
 3.76E+06 9.75806
 3.765E+06 9.8048
 3.77E+06 9.29142
 3.775E+06 10.3827
 3.78E+06 9.90138
 3.785E+06 9.97908
 3.79E+06 9.9368
 3.795E+06 10.215
 3.8E+06 9.18416
 3.805E+06 9.78158
 3.81E+06 8.85886
 3.815E+06 9.13246
 3.82E+06 9.89938
 3.825E+06 9.89795
 3.83E+06 9.70482
 3.835E+06 10.423
 3.84E+06 9.94476
 3.845E+06 10.1266
 3.85E+06 10.0617
 3.855E+06 9.63318
 3.86E+06 8.5552
 3.865E+06 9.23194
 3.87E+06 10.6505
 3.875E+06 10.0735
 3.88E+06 9.6476
 3.885E+06 10.0521
 3.89E+06 9.92683
 3.895E+06 9.39889
 3.9E+06 10.2411
 3.905E+06 8.7963
 3.91E+06 10.6592
 3.915E+06 8.81548
 3.92E+06 10.9291
 3.925E+06 10.5098
 3.93E+06 8.56504
 3.935E+06 9.64133
 3.94E+06 9.39124
 3.945E+06 9.47263
 3.95E+06 9.52343
 3.955E+06 9.30722
 3.96E+06 9.23858
 3.965E+06 9.49901
 3.97E+06 9.76242
 3.975E+06 10.2886
 3.98E+06 10.1197
 3.985E+06 9.33495
 3.99E+06 10.1743
 3.995E+06 10.7602
 4E+06 9.4285
 4.005E+06 9.84296
 4.01E+06 10.4053
 4.015E+06 10.7359
 4.02E+06 10.6274
 4.025E+06 10.0702
 4.03E+06 10.1664
 4.035E+06 9.7457
 4.04E+06 10.0795
 4.045E+06 10.4581
 4.05E+06 9.61123
 4.055E+06 9.00607
 4.06E+06 10.2408
 4.065E+06 9.53387
 4.07E+06 9.92264
 4.075E+06 9.54162
 4.08E+06 9.93683
 4.085E+06 10.4237
 4.09E+06 10.3933
 4.095E+06 9.41579
 4.1E+06 11.3566
 4.105E+06 10.1859
 4.11E+06 10.8779
 4.115E+06 9.87572
 4.12E+06 9.85547
 4.125E+06 9.31188
 4.13E+06 9.2562
 4.135E+06 8.15203
 4.14E+06 7.88891
 4.145E+06 9.05131
 4.15E+06 8.75105
 4.155E+06 8.90652
 4.16E+06 8.44489
 4.165E+06 9.10783
 4.17E+06 8.89945
 4.175E+06 9.74101
 4.18E+06 8.24046
 4.185E+06 10.2666
 4.19E+06 9.97641
 4.195E+06 10.3005
 4.2E+06 9.83641
 4.205E+06 9.19954
 4.21E+06 10.3519
 4.215E+06 10.0156
 4.22E+06 8.91119
 4.225E+06 9.63409
 4.23E+06 9.44553
 4.235E+06 9.54323
 4.24E+06 9.49995
 4.245E+06 10.1826
 4.25E+06 10.0641
 4.255E+06 9.93034
 4.26E+06 9.4762
 4.265E+06 10.4718
 4.27E+06 8.82985
 4.275E+06 9.88849
 4.28E+06 8.92821
 4.285E+06 9.79864
 4.29E+06 9.33528
 4.295E+06 9.47717
 4.3E+06 9.67865
 4.305E+06 8.76475
 4.31E+06 8.86334
 4.315E+06 9.24288
 4.32E+06 8.89895
 4.325E+06 8.63028
 4.33E+06 8.72122
 4.335E+06 8.07478
 4.34E+06 8.76506
 4.345E+06 8.44907
 4.35E+06 9.12283
 4.355E+06 9.83087
 4.36E+06 9.46161
 4.365E+06 9.60517
 4.37E+06 9.70065
 4.375E+06 9.7696
 4.38E+06 10.2486
 4.385E+06 9.27669
 4.39E+06 10.1481
 4.395E+06 10.748
 4.4E+06 8.58092
 4.405E+06 9.18481
 4.41E+06 10.2367
 4.415E+06 10.0521
 4.42E+06 8.11851
 4.425E+06 8.60555
 4.43E+06 8.85574
 4.435E+06 10.446
 4.44E+06 10.0509
 4.445E+06 10.1873
 4.45E+06 9.56807
 4.455E+06 9.7751
 4.46E+06 8.7675
 4.465E+06 9.75401
 4.47E+06 9.38483
 4.475E+06 10.1327
 4.48E+06 8.76562
 4.485E+06 10.2281
 4.49E+06 10.1838
 4.495E+06 9.90962
 4.5E+06 9.81246
 4.505E+06 10.3583
 4.51E+06 10.3894
 4.515E+06 9.6861
 4.52E+06 9.451
 4.525E+06 9.66686
 4.53E+06 8.50429
 4.535E+06 9.14165
 4.54E+06 10.4065
 4.545E+06 9.45143
 4.55E+06 8.5594
 4.555E+06 8.97449
 4.56E+06 9.57668
 4.565E+06 10.1836
 4.57E+06 8.76225
 4.575E+06 10.3625
 4.58E+06 9.39635
 4.585E+06 9.69826
 4.59E+06 10.0275
 4.595E+06 10.2472
 4.6E+06 9.35173
 4.605E+06 9.62592
 4.61E+06 9.06789
 4.615E+06 9.3295
 4.62E+06 7.87494
 4.625E+06 9.1984
 4.63E+06 9.5797
 4.635E+06 9.69017
 4.64E+06 10.042
 4.645E+06 8.61672
 4.65E+06 8.34182
 4.655E+06 9.58138
 4.66E+06 8.12693
 4.665E+06 9.39624
 4.67E+06 8.80706
 4.675E+06 9.85036
 4.68E+06 9.83724
 4.685E+06 9.30079
 4.69E+06 9.62437
 4.695E+06 9.79129
 4.7E+06 9.15343
 4.705E+06 10.0068
 4.71E+06 10.531
 4.715E+06 10.7949
 4.72E+06 11.2976
 4.725E+06 9.95208
 4.73E+06 8.61671
 4.735E+06 8.83825
 4.74E+06 9.6813
 4.745E+06 8.3787
 4.75E+06 8.25247
 4.755E+06 8.56929
 4.76E+06 9.05668
 4.765E+06 10.8306
 4.77E+06 9.15145
 4.775E+06 11.14
 4.78E+06 10.326
 4.785E+06 10.1661
 4.79E+06 8.91524
 4.795E+06 10.2703
 4.8E+06 10.765
 4.805E+06 10.4109
 4.81E+06 10.1704
 4.815E+06 10.4656
 4.82E+06 9.40861
 4.825E+06 9.87463
 4.83E+06 8.70514
 4.835E+06 8.56652
 4.84E+06 8.34213
 4.845E+06 9.52953
 4.85E+06 9.58683
 4.855E+06 8.57535
 4.86E+06 10.0042
 4.865E+06 8.85177
 4.87E+06 9.49313
 4.875E+06 10.924
 4.88E+06 10.1194
 4.885E+06 10.5594
 4.89E+06 10.1999
 4.895E+06 10.2631
 4.9E+06 9.81003
 4.905E+06 8.68071
 4.91E+06 9.15237
 4.915E+06 8.59887
 4.92E+06 10.1974
 4.925E+06 9.88676
 4.93E+06 10.0291
 4.935E+06 8.84151
 4.94E+06 10.104
 4.945E+06 8.58888
 4.95E+06 10.2396
 4.955E+06 10.963
 4.96E+06 10.2092
 4.965E+06 9.76201
 4.97E+06 9.77526
 4.975E+06 8.65218
 4.98E+06 9.82412
 4.985E+06 9.53272
 4.99E+06 9.89376
 4.995E+06 9.69308
 5E+06 9.23069
 5.005E+06 7.74738
 5.01E+06 8.90913
 5.015E+06 9.71166
 5.02E+06 9.10225
 5.025E+06 9.81874
 5.03E+06 7.81061
 5.035E+06 9.29657
 5.04E+06 8.72698
 5.045E+06 9.13978
 5.05E+06 8.16563
 5.055E+06 9.10529
 5.06E+06 9.16298
 5.065E+06 10.2476
 5.07E+06 8.79886
 5.075E+06 8.54558
 5.08E+06 9.31466
 5.085E+06 10.0586
 5.09E+06 10.0377
 5.095E+06 8.85523
 5.1E+06 9.66776
 5.105E+06 9.94745
 5.11E+06 8.40729
 5.115E+06 9.37732
 5.12E+06 9.21723
 5.125E+06 9.03031
 5.13E+06 9.14973
 5.135E+06 9.71924
 5.14E+06 9.72742
 5.145E+06 10.0443
 5.15E+06 9.79606
 5.155E+06 9.82909
 5.16E+06 9.94729
 5.165E+06 9.36835
 5.17E+06 9.49982
 5.175E+06 10.0385
 5.18E+06 10.4116
 5.185E+06 10.4728
 5.19E+06 10.3901
 5.195E+06 10.7812
 5.2E+06 9.51509
 5.205E+06 10.5789
 5.21E+06 10.8652
 5.215E+06 10.4032
 5.22E+06 10.8226
 5.225E+06 11.0967
 5.23E+06 10.5285
 5.235E+06 11.0116
 5.24E+06 10.9875
 5.245E+06 9.68093
 5.25E+06 9.36199
 5.255E+06 10.2099
 5.26E+06 10.734
 5.265E+06 9.75452
 5.27E+06 8.90549
 5.275E+06 10.4585
 5.28E+06 8.83205
 5.285E+06 9.67597
 5.29E+06 9.21165
 5.295E+06 9.12735
 5.3E+06 9.67054
 5.305E+06 9.09029
 5.31E+06 9.14271
 5.315E+06 9.85246
 5.32E+06 10.1081
 5.325E+06 10.4851
 5.33E+06 10.8162
 5.335E+06 10.6057
 5.34E+06 10.8037
 5.345E+06 10.4911
 5.35E+06 10.7374
 5.355E+06 10.6353
 5.36E+06 11.1884
 5.365E+06 10.9082
 5.37E+06 10.8045
 5.375E+06 10.5831
 5.38E+06 10.9367
 5.385E+06 11.404
 5.39E+06 10.6284
 5.395E+06 11.4841
 5.4E+06 9.75329
 5.405E+06 10.4822
 5.41E+06 10.1942
 5.415E+06 10.3827
 5.42E+06 10.3622
 5.425E+06 10.8283
 5.43E+06 10.7741
 5.435E+06 10.6362
 5.44E+06 11.6258
 5.445E+06 10.2994
 5.45E+06 9.479
 5.455E+06 10.3782
 5.46E+06 10.3382
 5.465E+06 10.5355
 5.47E+06 12.3337
 5.475E+06 11.1152
 5.48E+06 10.4891
 5.485E+06 11.4801
 5.49E+06 10.4956
 5.495E+06 10.5289
 5.5E+06 9.74078
 5.505E+06 9.96838
 5.51E+06 9.77169
 5.515E+06 10.3161
 5.52E+06 9.45807
 5.525E+06 8.69784
 5.53E+06 10.3184
 5.535E+06 9.03464
 5.54E+06 9.87853
 5.545E+06 9.84065
 5.55E+06 9.46508
 5.555E+06 10.4476
 5.56E+06 9.79256
 5.565E+06 10.9838
 5.57E+06 10.7827
 5.575E+06 10.347
 5.58E+06 9.92323
 5.585E+06 10.6436
 5.59E+06 9.73022
 5.595E+06 10.288
 5.6E+06 9.84583
 5.605E+06 9.35332
 5.61E+06 10.2498
 5.615E+06 9.84245
 5.62E+06 9.58836
 5.625E+06 9.39184
 5.63E+06 9.38858
 5.635E+06 9.45184
 5.64E+06 10.9729
 5.645E+06 11.7718
 5.65E+06 10.9385
 5.655E+06 10.4966
 5.66E+06 10.4777
 5.665E+06 11.2199
 5.67E+06 9.83628
 5.675E+06 9.91613
 5.68E+06 9.76307
 5.685E+06 10.1461
 5.69E+06 9.04299
 5.695E+06 10.5975
 5.7E+06 9.68601
 5.705E+06 9.07118
 5.71E+06 10.2872
 5.715E+06 9.97146
 5.72E+06 10.4038
 5.725E+06 10.0711
 5.73E+06 10.296
 5.735E+06 9.73661
 5.74E+06 10.2128
 5.745E+06 9.34787
 5.75E+06 9.28565
 5.755E+06 10.1874
 5.76E+06 9.71489
 5.765E+06 9.74071
 5.77E+06 10.8707
 5.775E+06 9.9082
 5.78E+06 10.0074
 5.785E+06 9.16079
 5.79E+06 10.0366
 5.795E+06 10.7525
 5.8E+06 10.4531
 5.805E+06 10.9503
 5.81E+06 9.7585
 5.815E+06 10.6677
 5.82E+06 9.75835
 5.825E+06 9.91149
 5.83E+06 8.25038
 5.835E+06 8.89178
 5.84E+06 10.5911
 5.845E+06 10.2682
 5.85E+06 10.5801
 5.855E+06 9.80454
 5.86E+06 9.75019
 5.865E+06 9.20756
 5.87E+06 9.95687
 5.875E+06 10.8696
 5.88E+06 8.78154
 5.885E+06 9.87527
 5.89E+06 10.52
 5.895E+06 9.7436
 5.9E+06 9.39116
 5.905E+06 9.4005
 5.91E+06 9.32343
 5.915E+06 8.51766
 5.92E+06 9.84847
 5.925E+06 9.81455
 5.93E+06 10.4871
 5.935E+06 9.54376
 5.94E+06 10.387
 5.945E+06 10.0178
 5.95E+06 9.77694
 5.955E+06 11.3408
 5.96E+06 10.2274
 5.965E+06 10.0909
 5.97E+06 10.2138
 5.975E+06 9.46543
 5.98E+06 9.53192
 5.985E+06 9.81763
 5.99E+06 8.97648
 5.995E+06 10.8096
 6E+06 10.2507
 6.005E+06 10.9744
 6.01E+06 9.36803
 6.015E+06 10.454
 6.02E+06 10.8542
 6.025E+06 10.5151
 6.03E+06 9.59147
 6.035E+06 8.62895
 6.04E+06 10.1482
 6.045E+06 10.1253
 6.05E+06 9.51944
 6.055E+06 9.91944
 6.06E+06 10.6301
 6.065E+06 10.0983
 6.07E+06 10.0303
 6.075E+06 10.6758
 6.08E+06 9.9881
 6.085E+06 10.5374
 6.09E+06 10.1902
 6.095E+06 10.3917
 6.1E+06 9.64644
 6.105E+06 10.1786
 6.11E+06 10.1556
 6.115E+06 10.7383
 6.12E+06 11.0078
 6.125E+06 10.6254
 6.13E+06 10.0076
 6.135E+06 10.2854
 6.14E+06 10.2009
 6.145E+06 11.0903
 6.15E+06 10.9925
 6.155E+06 10.8281
 6.16E+06 11.3692
 6.165E+06 11.3269
 6.17E+06 11.0773
 6.175E+06 10.399
 6.18E+06 9.94387
 6.185E+06 10.8367
 6.19E+06 9.60236
 6.195E+06 10.2281
 6.2E+06 10.0613
 6.205E+06 9.81867
 6.21E+06 10.3943
 6.215E+06 10.5309
 6.22E+06 10.3344
 6.225E+06 10.7302
 6.23E+06 11.2056
 6.235E+06 11.6881
 6.24E+06 10.9764
 6.245E+06 12.0548
 6.25E+06 12.0869
 6.255E+06 10.2921
 6.26E+06 11.4716
 6.265E+06 10.8577
 6.27E+06 10.5666
 6.275E+06 11.4795
 6.28E+06 11.3346
 6.285E+06 10.6515
 6.29E+06 11.3715
 6.295E+06 11.4113
 6.3E+06 11.1085
 6.305E+06 10.8958
 6.31E+06 11.4085
 6.315E+06 11.0899
 6.32E+06 11.458
 6.325E+06 11.0189
 6.33E+06 10.6449
 6.335E+06 10.573
 6.34E+06 10.3945
 6.345E+06 10.8533
 6.35E+06 10.9017
 6.355E+06 10.1958
 6.36E+06 10.5912
 6.365E+06 10.5755
 6.37E+06 10.7255
 6.375E+06 10.4101
 6.38E+06 11.0106
 6.385E+06 10.7836
 6.39E+06 10.2825
 6.395E+06 9.86665
 6.4E+06 9.11492
 6.405E+06 9.90942
 6.41E+06 9.15026
 6.415E+06 9.68634
 6.42E+06 9.53137
 6.425E+06 10.3264
 6.43E+06 10.6462
 6.435E+06 10.4224
 6.44E+06 9.76516
 6.445E+06 10.981
 6.45E+06 10.5289
 6.455E+06 10.8266
 6.46E+06 11.8722
 6.465E+06 11.6372
 6.47E+06 10.6094
 6.475E+06 10.5782
 6.48E+06 10.2732
 6.485E+06 10.0298
 6.49E+06 11.0082
 6.495E+06 10.7811
 6.5E+06 10.4552
 6.505E+06 10.761
 6.51E+06 10.1848
 6.515E+06 9.68914
 6.52E+06 9.90012
 6.525E+06 9.61536
 6.53E+06 10.6734
 6.535E+06 9.51772
 6.54E+06 9.75884
 6.545E+06 9.42826
 6.55E+06 9.73058
 6.555E+06 10.4506
 6.56E+06 10.451
 6.565E+06 10.4252
 6.57E+06 10.4508
 6.575E+06 9.79483
 6.58E+06 9.65014
 6.585E+06 10.4675
 6.59E+06 10.1035
 6.595E+06 10.8558
 6.6E+06 10.175
 6.605E+06 9.19769
 6.61E+06 9.56087
 6.615E+06 10.3232
 6.62E+06 10.7681
 6.625E+06 10.7068
 6.63E+06 9.77999
 6.635E+06 10.4557
 6.64E+06 9.51042
 6.645E+06 10.6928
 6.65E+06 10.1522
 6.655E+06 10.3803
 6.66E+06 9.55949
 6.665E+06 10.943
 6.67E+06 10.1027
 6.675E+06 9.7904
 6.68E+06 9.92162
 6.685E+06 10.8738
 6.69E+06 10.3239
 6.695E+06 11.2763
 6.7E+06 11.0886
 6.705E+06 11.0887
 6.71E+06 10.7262
 6.715E+06 10.4629
 6.72E+06 10.7332
 6.725E+06 9.60398
 6.73E+06 10.2286
 6.735E+06 10.2975
 6.74E+06 11.2577
 6.745E+06 9.88732
 6.75E+06 11.0542
 6.755E+06 11.1027
 6.76E+06 11.2608
 6.765E+06 10.4231
 6.77E+06 10.8788
 6.775E+06 11.2815
 6.78E+06 11.1117
 6.785E+06 10.0339
 6.79E+06 10.173
 6.795E+06 10.4373
 6.8E+06 9.65926
 6.805E+06 9.06333
 6.81E+06 10.8031
 6.815E+06 10.715
 6.82E+06 10.8159
 6.825E+06 10.5658
 6.83E+06 10.209
 6.835E+06 10.4162
 6.84E+06 10.3009
 6.845E+06 10.4771
 6.85E+06 10.227
 6.855E+06 10.8106
 6.86E+06 10.7275
 6.865E+06 10.0758
 6.87E+06 10.3474
 6.875E+06 10.4127
 6.88E+06 8.77871
 6.885E+06 10.6984
 6.89E+06 9.84891
 6.895E+06 10.4372
 6.9E+06 10.3975
 6.905E+06 9.3548
 6.91E+06 10.2397
 6.915E+06 10.4387
 6.92E+06 10.4956
 6.925E+06 10.5089
 6.93E+06 11.1662
 6.935E+06 10.9034
 6.94E+06 11.2975
 6.945E+06 10.6756
 6.95E+06 10.8237
 6.955E+06 10.6542
 6.96E+06 10.9556
 6.965E+06 10.8244
 6.97E+06 10.883
 6.975E+06 10.6601
 6.98E+06 10.6822
 6.985E+06 10.8373
 6.99E+06 10.9346
 6.995E+06 11.0865
 7E+06 11.0907
 7.005E+06 10.2513
 7.01E+06 10.9544
 7.015E+06 9.96292
 7.02E+06 10.0431
 7.025E+06 11.4869
 7.03E+06 10.8533
 7.035E+06 10.4079
 7.04E+06 10.8898
 7.045E+06 10.886
 7.05E+06 11.0104
 7.055E+06 10.9222
 7.06E+06 9.16162
 7.065E+06 9.91703
 7.07E+06 8.99575
 7.075E+06 10.451
 7.08E+06 10.4788
 7.085E+06 10.4071
 7.09E+06 9.13691
 7.095E+06 9.59344
 7.1E+06 9.95999
 7.105E+06 10.5851
 7.11E+06 9.18012
 7.115E+06 8.54197
 7.12E+06 9.22527
 7.125E+06 8.51526
 7.13E+06 9.60431
 7.135E+06 9.7233
 7.14E+06 9.76083
 7.145E+06 9.51606
 7.15E+06 9.37271
 7.155E+06 9.12935
 7.16E+06 10.1017
 7.165E+06 10.3291
 7.17E+06 10.19
 7.175E+06 10.5804
 7.18E+06 10.7592
 7.185E+06 9.66852
 7.19E+06 10.1927
 7.195E+06 10.1082
 7.2E+06 9.941
 7.205E+06 10.445
 7.21E+06 11.3785
 7.215E+06 10.2107
 7.22E+06 11.6697
 7.225E+06 11.0815
 7.23E+06 10.3873
 7.235E+06 10.8984
 7.24E+06 11.1951
 7.245E+06 10.6944
 7.25E+06 10.8999
 7.255E+06 11.0921
 7.26E+06 11.3296
 7.265E+06 11.7661
 7.27E+06 10.4571
 7.275E+06 11.3071
 7.28E+06 11.3034
 7.285E+06 10.9598
 7.29E+06 9.97878
 7.295E+06 11.0172
 7.3E+06 10.3772
 7.305E+06 11.9129
 7.31E+06 10.2073
 7.315E+06 11.1455
 7.32E+06 11.2313
 7.325E+06 10.9026
 7.33E+06 10.6224
 7.335E+06 9.39685
 7.34E+06 11.3284
 7.345E+06 9.80411
 7.35E+06 10.6898
 7.355E+06 10.488
 7.36E+06 10.4192
 7.365E+06 10.3693
 7.37E+06 10.9447
 7.375E+06 11.4844
 7.38E+06 11.7367
 7.385E+06 11.6469
 7.39E+06 12.2995
 7.395E+06 10.8928
 7.4E+06 11.3407
 7.405E+06 12.1223
 7.41E+06 11.9016
 7.415E+06 11.5532
 7.42E+06 11.996
 7.425E+06 11.0658
 7.43E+06 10.5103
 7.435E+06 10.3762
 7.44E+06 11.0837
 7.445E+06 10.9592
 7.45E+06 11.567
 7.455E+06 11.2206
 7.46E+06 11.2413
 7.465E+06 10.974
 7.47E+06 10.9137
 7.475E+06 11.622
 7.48E+06 11.4281
 7.485E+06 11.6468
 7.49E+06 11.9772
 7.495E+06 11.4057
 7.5E+06 11.3098
 7.505E+06 10.9403
 7.51E+06 11.5183
 7.515E+06 11.0723
 7.52E+06 11.4696
 7.525E+06 10.8245
 7.53E+06 9.93073
 7.535E+06 10.8357
 7.54E+06 11.915
 7.545E+06 12.0971
 7.55E+06 11.6716
 7.555E+06 10.6656
 7.56E+06 10.7934
 7.565E+06 10.4941
 7.57E+06 11.0481
 7.575E+06 11.3888
 7.58E+06 11.4116
 7.585E+06 11.1578
 7.59E+06 10.6107
 7.595E+06 10.9828
 7.6E+06 10.5383
 7.605E+06 9.89626
 7.61E+06 10.2281
 7.615E+06 11.2384
 7.62E+06 10.6043
 7.625E+06 11.3582
 7.63E+06 12.0413
 7.635E+06 11.5542
 7.64E+06 10.9283
 7.645E+06 10.5754
 7.65E+06 11.5281
 7.655E+06 11.0104
 7.66E+06 11.0017
 7.665E+06 11.2812
 7.67E+06 11.2448
 7.675E+06 11.2717
 7.68E+06 11.0408
 7.685E+06 11.2794
 7.69E+06 11.8205
 7.695E+06 10.8414
 7.7E+06 11.9115
 7.705E+06 10.8191
 7.71E+06 11.2124
 7.715E+06 11.0932
 7.72E+06 11.2886
 7.725E+06 11.4398
 7.73E+06 10.9077
 7.735E+06 11.4989
 7.74E+06 10.4371
 7.745E+06 10.7944
 7.75E+06 10.8586
 7.755E+06 11.7912
 7.76E+06 10.6651
 7.765E+06 10.0986
 7.77E+06 10.9236
 7.775E+06 11.2261
 7.78E+06 10.9825
 7.785E+06 11.1618
 7.79E+06 11.782
 7.795E+06 11.7397
 7.8E+06 11.2398
 7.805E+06 11.4509
 7.81E+06 10.634
 7.815E+06 11.8877
 7.82E+06 11.1257
 7.825E+06 10.1331
 7.83E+06 10.3297
 7.835E+06 10.9535
 7.84E+06 10.2701
 7.845E+06 10.4864
 7.85E+06 10.7078
 7.855E+06 10.7272
 7.86E+06 10.0078
 7.865E+06 10.1763
 7.87E+06 10.2317
 7.875E+06 11.283
 7.88E+06 11.0779
 7.885E+06 10.556
 7.89E+06 10.4593
 7.895E+06 10.2944
 7.9E+06 10.4396
 7.905E+06 11.6073
 7.91E+06 10.3849
 7.915E+06 10.6303
 7.92E+06 10.882
 7.925E+06 11.6364
 7.93E+06 11.9463
 7.935E+06 11.2764
 7.94E+06 11.1489
 7.945E+06 11.0616
 7.95E+06 10.3048
 7.955E+06 10.6796
 7.96E+06 10.5381
 7.965E+06 9.81189
 7.97E+06 10.2104
 7.975E+06 10.3966
 7.98E+06 11.1147
 7.985E+06 11.4342
 7.99E+06 11.2291
 7.995E+06 10.0014
 8E+06 10.7506
 8.005E+06 10.8806
 8.01E+06 10.4836
 8.015E+06 11.3569
 8.02E+06 9.67371
 8.025E+06 8.30185
 8.03E+06 8.7109
 8.035E+06 9.01414
 8.04E+06 10.0628
 8.045E+06 10.4766
 8.05E+06 11.3727
 8.055E+06 11.1071
 8.06E+06 10.4403
 8.065E+06 10.9321
 8.07E+06 10.3755
 8.075E+06 10.8717
 8.08E+06 11.9361
 8.085E+06 11.2024
 8.09E+06 11.674
 8.095E+06 11.3137
 8.1E+06 10.398
 8.105E+06 10.2005
 8.11E+06 10.9803
 8.115E+06 11.0998
 8.12E+06 10.9152
 8.125E+06 10.2675
 8.13E+06 9.55778
 8.135E+06 9.75553
 8.14E+06 11.2393
 8.145E+06 10.2928
 8.15E+06 11.6148
 8.155E+06 10.6499
 8.16E+06 10.6884
 8.165E+06 11.5087
 8.17E+06 10.9699
 8.175E+06 10.1478
 8.18E+06 11.324
 8.185E+06 9.82185
 8.19E+06 10.2409
 8.195E+06 10.6649
 8.2E+06 10.7989
 8.205E+06 11.2064
 8.21E+06 10.5745
 8.215E+06 10.278
 8.22E+06 9.9939
 8.225E+06 10.2206
 8.23E+06 11.2635
 8.235E+06 10.8709
 8.24E+06 10.3501
 8.245E+06 9.92106
 8.25E+06 10.9422
 8.255E+06 10.917
 8.26E+06 10.459
 8.265E+06 11.1468
 8.27E+06 11.5191
 8.275E+06 9.55891
 8.28E+06 10.3046
 8.285E+06 11.1987
 8.29E+06 11.521
 8.295E+06 10.1438
 8.3E+06 10.9377
 8.305E+06 11.6577
 8.31E+06 11.9465
 8.315E+06 11.0182
 8.32E+06 11.9416
 8.325E+06 11.7708
 8.33E+06 10.7362
 8.335E+06 10.388
 8.34E+06 10.7038
 8.345E+06 11.4466
 8.35E+06 10.8997
 8.355E+06 10.4928
 8.36E+06 10.8325
 8.365E+06 12.1015
 8.37E+06 11.2625
 8.375E+06 12.1158
 8.38E+06 11.852
 8.385E+06 11.7352
 8.39E+06 10.7592
 8.395E+06 11.3009
 8.4E+06 11.2159
 8.405E+06 9.56146
 8.41E+06 11.187
 8.415E+06 9.99461
 8.42E+06 9.76059
 8.425E+06 10.7342
 8.43E+06 11.4506
 8.435E+06 10.5166
 8.44E+06 10.4355
 8.445E+06 9.75324
 8.45E+06 10.997
 8.455E+06 10.7441
 8.46E+06 11.3122
 8.465E+06 10.9133
 8.47E+06 10.8835
 8.475E+06 10.8138
 8.48E+06 10.7586
 8.485E+06 10.6629
 8.49E+06 9.99997
 8.495E+06 9.76123
 8.5E+06 10.3698
 8.505E+06 10.2174
 8.51E+06 11.1187
 8.515E+06 10.2473
 8.52E+06 9.13945
 8.525E+06 8.71572
 8.53E+06 9.93688
 8.535E+06 9.73714
 8.54E+06 9.89273
 8.545E+06 10.5261
 8.55E+06 11.4575
 8.555E+06 10.2459
 8.56E+06 9.72922
 8.565E+06 11.7204
 8.57E+06 10.3147
 8.575E+06 11.6556
 8.58E+06 11.0247
 8.585E+06 10.773
 8.59E+06 10.0009
 8.595E+06 9.53759
 8.6E+06 9.81044
 8.605E+06 11.1883
 8.61E+06 10.1574
 8.615E+06 10.4337
 8.62E+06 10.6887
 8.625E+06 10.661
 8.63E+06 9.63718
 8.635E+06 11.322
 8.64E+06 10.2199
 8.645E+06 11.1088
 8.65E+06 11.6659
 8.655E+06 9.95543
 8.66E+06 11.1129
 8.665E+06 10.0525
 8.67E+06 11.2833
 8.675E+06 11.3135
 8.68E+06 11.6739
 8.685E+06 11.6865
 8.69E+06 10.8064
 8.695E+06 10.6384
 8.7E+06 10.8137
 8.705E+06 10.4369
 8.71E+06 10.8477
 8.715E+06 11.5881
 8.72E+06 11.44
 8.725E+06 10.9104
 8.73E+06 10.8981
 8.735E+06 10.5055
 8.74E+06 10.063
 8.745E+06 10.6725
 8.75E+06 10.0483
 8.755E+06 11.0411
 8.76E+06 11.3385
 8.765E+06 9.10167
 8.77E+06 9.7531
 8.775E+06 10.3783
 8.78E+06 10.9235
 8.785E+06 10.8168
 8.79E+06 10.4036
 8.795E+06 9.84665
 8.8E+06 9.85064
 8.805E+06 9.99663
 8.81E+06 10.0991
 8.815E+06 9.99983
 8.82E+06 9.84538
 8.825E+06 9.82603
 8.83E+06 11.1758
 8.835E+06 10.5441
 8.84E+06 10.2832
 8.845E+06 10.5247
 8.85E+06 10.1681
 8.855E+06 9.87825
 8.86E+06 10.3086
 8.865E+06 11.2
 8.87E+06 10.8201
 8.875E+06 11.1446
 8.88E+06 10.9386
 8.885E+06 11.3545
 8.89E+06 11.2168
 8.895E+06 11.1539
 8.9E+06 11.2865
 8.905E+06 10.6358
 8.91E+06 11.0917
 8.915E+06 10.3106
 8.92E+06 10.3463
 8.925E+06 10.3071
 8.93E+06 9.85708
 8.935E+06 10.533
 8.94E+06 10.4091
 8.945E+06 9.91123
 8.95E+06 10.4908
 8.955E+06 10.1757
 8.96E+06 10.903
 8.965E+06 9.69991
 8.97E+06 10.4301
 8.975E+06 10.5293
 8.98E+06 10.4601
 8.985E+06 10.6331
 8.99E+06 10.6296
 8.995E+06 10.7327
 9E+06 10.7721
 9.005E+06 10.3843
 9.01E+06 9.98988
 9.015E+06 10.2297
 9.02E+06 11.0566
 9.025E+06 11.2321
 9.03E+06 10.2535
 9.035E+06 9.51656
 9.04E+06 10.6773
 9.045E+06 10.8734
 9.05E+06 11.353
 9.055E+06 10.3238
 9.06E+06 9.61449
 9.065E+06 10.8735
 9.07E+06 9.39862
 9.075E+06 10.2916
 9.08E+06 10
 9.085E+06 11.3656
 9.09E+06 9.97782
 9.095E+06 10.594
 9.1E+06 9.90599
 9.105E+06 10.2339
 9.11E+06 10.4268
 9.115E+06 11.4614
 9.12E+06 10.8503
 9.125E+06 9.58538
 9.13E+06 10.3207
 9.135E+06 10.2643
 9.14E+06 10.9927
 9.145E+06 11.3462
 9.15E+06 10.8002
 9.155E+06 11.0635
 9.16E+06 10.1859
 9.165E+06 10.2031
 9.17E+06 10.8923
 9.175E+06 11.2338
 9.18E+06 10.8465
 9.185E+06 10.8658
 9.19E+06 11.5135
 9.195E+06 10.821
 9.2E+06 10.2883
 9.205E+06 10.1315
 9.21E+06 10.7191
 9.215E+06 10.7225
 9.22E+06 10.6186
 9.225E+06 10.1701
 9.23E+06 10.8382
 9.235E+06 10.6184
 9.24E+06 10.2995
 9.245E+06 10.6284
 9.25E+06 11.1767
 9.255E+06 10.5083
 9.26E+06 10.5135
 9.265E+06 10.6948
 9.27E+06 10.9747
 9.275E+06 10.899
 9.28E+06 11.1331
 9.285E+06 11.1198
 9.29E+06 10.2408
 9.295E+06 11.1809
 9.3E+06 11.2698
 9.305E+06 10.5087
 9.31E+06 10.196
 9.315E+06 10.0646
 9.32E+06 10.5344
 9.325E+06 9.41798
 9.33E+06 10.0479
 9.335E+06 10.646
 9.34E+06 11.4521
 9.345E+06 9.63189
 9.35E+06 11.6266
 9.355E+06 10.2056
 9.36E+06 11.649
 9.365E+06 10.5202
 9.37E+06 10.0328
 9.375E+06 10.3103
 9.38E+06 9.2952
 9.385E+06 9.90649
 9.39E+06 10.3685
 9.395E+06 9.8339
 9.4E+06 10.5112
 9.405E+06 9.90142
 9.41E+06 9.85239
 9.415E+06 9.67492
 9.42E+06 10.0049
 9.425E+06 9.88556
 9.43E+06 10.0347
 9.435E+06 10.6544
 9.44E+06 10.3764
 9.445E+06 10.5853
 9.45E+06 10.2386
 9.455E+06 10.5697
 9.46E+06 11.2977
 9.465E+06 10.3892
 9.47E+06 10.5713
 9.475E+06 11.5419
 9.48E+06 10.702
 9.485E+06 11.5108
 9.49E+06 10.9546
 9.495E+06 9.597
 9.5E+06 8.80477
 9.505E+06 9.69118
 9.51E+06 10.4483
 9.515E+06 9.116
 9.52E+06 10.5116
 9.525E+06 10.3376
 9.53E+06 11.0613
 9.535E+06 10.6755
 9.54E+06 10.591
 9.545E+06 10.667
 9.55E+06 9.40539
 9.555E+06 9.71589
 9.56E+06 10.2048
 9.565E+06 10.3142
 9.57E+06 9.42817
 9.575E+06 10.4349
 9.58E+06 10.7957
 9.585E+06 10.2821
 9.59E+06 9.9355
 9.595E+06 10.4851
 9.6E+06 10.5855
 9.605E+06 9.86095
 9.61E+06 10.3208
 9.615E+06 10.9001
 9.62E+06 11.1565
 9.625E+06 9.90726
 9.63E+06 10.6201
 9.635E+06 9.69784
 9.64E+06 10.5294
 9.645E+06 9.93324
 9.65E+06 10.1568
 9.655E+06 9.52748
 9.66E+06 10.6961
 9.665E+06 9.78513
 9.67E+06 10.3357
 9.675E+06 9.93539
 9.68E+06 9.83659
 9.685E+06 10.3318
 9.69E+06 9.68131
 9.695E+06 10.2191
 9.7E+06 9.83677
 9.705E+06 9.94788
 9.71E+06 9.69726
 9.715E+06 10.9852
 9.72E+06 10.321
 9.725E+06 9.48801
 9.73E+06 9.83344
 9.735E+06 9.55241
 9.74E+06 10.5229
 9.745E+06 9.602
 9.75E+06 7.96726
 9.755E+06 9.28155
 9.76E+06 9.52553
 9.765E+06 10.1558
 9.77E+06 9.0774
 9.775E+06 9.00813
 9.78E+06 10.8616
 9.785E+06 11.2698
 9.79E+06 10.4618
 9.795E+06 10.045
 9.8E+06 11.191
 9.805E+06 10.2586
 9.81E+06 9.93653
 9.815E+06 11.3915
 9.82E+06 9.8599
 9.825E+06 10.0226
 9.83E+06 11.234
 9.835E+06 10.3591
 9.84E+06 10.7594
 9.845E+06 10.2805
 9.85E+06 9.90817
 9.855E+06 10.5005
 9.86E+06 10.8552
 9.865E+06 10.7001
 9.87E+06 9.91281
 9.875E+06 10.1039
 9.88E+06 10.1508
 9.885E+06 9.44631
 9.89E+06 10.8335
 9.895E+06 11.0033
 9.9E+06 10.6692
 9.905E+06 10.796
 9.91E+06 11.0087
 9.915E+06 10.1087
 9.92E+06 9.47823
 9.925E+06 10.6366
 9.93E+06 9.55293
 9.935E+06 10.5353
 9.94E+06 10.8268
 9.945E+06 9.74154
 9.95E+06 10.146
 9.955E+06 10.0987
 9.96E+06 9.95409
 9.965E+06 10.551
 9.97E+06 11.2041
 9.975E+06 9.39769
 9.98E+06 10.3334
 9.985E+06 10.6325
 9.99E+06 10.1491
 9.995E+06 9.12902
 1E+07 10.5329
 1.0005E+07 9.85243
 1.001E+07 9.91506
 1.0015E+07 8.86895
 1.002E+07 11.3227
 1.0025E+07 10.9111
 1.003E+07 11.0423
 1.0035E+07 10.5885
 1.004E+07 10.4332
 1.0045E+07 9.13282
 1.005E+07 9.70799
 1.0055E+07 9.51883
 1.006E+07 9.86939
 1.0065E+07 10.5523
 1.007E+07 10.8095
 1.0075E+07 11.429
 1.008E+07 10.4907
 1.0085E+07 10.3225
 1.009E+07 11.0309
 1.0095E+07 10.7792
 1.01E+07 9.43471
 1.0105E+07 9.63323
 1.011E+07 10.2804
 1.0115E+07 9.969
 1.012E+07 10.9998
 1.0125E+07 10.7675
 1.013E+07 10.8853
 1.0135E+07 9.50161
 1.014E+07 10.0667
 1.0145E+07 10.4984
 1.015E+07 10.8142
 1.0155E+07 10.046
 1.016E+07 10.4958
 1.0165E+07 10.7649
 1.017E+07 11.053
 1.0175E+07 10.7301
 1.018E+07 10.3891
 1.0185E+07 10.3298
 1.019E+07 10.3118
 1.0195E+07 10.0675
 1.02E+07 10.3075
 1.0205E+07 10.3905
 1.021E+07 10.6539
 1.0215E+07 10.8395
 1.022E+07 10.7074
 1.0225E+07 10.8085
 1.023E+07 10.2089
 1.0235E+07 11.751
 1.024E+07 10.2543
 1.0245E+07 9.38348
 1.025E+07 10.1977
 1.0255E+07 9.95929
 1.026E+07 10.3687
 1.0265E+07 11.511
 1.027E+07 11.3842
 1.0275E+07 10.452
 1.028E+07 11.8719
 1.0285E+07 10.806
 1.029E+07 10.8234
 1.0295E+07 11.1241
 1.03E+07 11.4509
 1.0305E+07 11.4197
 1.031E+07 10.9036
 1.0315E+07 11.36
 1.032E+07 11.4209
 1.0325E+07 10.9284
 1.033E+07 11.2288
 1.0335E+07 11.073
 1.034E+07 10.2188
 1.0345E+07 10.5942
 1.035E+07 10.3891
 1.0355E+07 10.6387
 1.036E+07 10.0344
 1.0365E+07 10.8772
 1.037E+07 10.3861
 1.0375E+07 9.8686
 1.038E+07 10.519
 1.0385E+07 10.8324
 1.039E+07 10.2792
 1.0395E+07 10.8821
 1.04E+07 10.6777
 1.0405E+07 10.1931
 1.041E+07 10.9028
 1.0415E+07 12.5994
 1.042E+07 10.6274
 1.0425E+07 10.7332
 1.043E+07 11.1791
 1.0435E+07 10.2871
 1.044E+07 10.7461
 1.0445E+07 10.921
 1.045E+07 10.3753
 1.0455E+07 10.0318
 1.046E+07 10.909
 1.0465E+07 11.0876
 1.047E+07 10.3074
 1.0475E+07 10.9551
 1.048E+07 10.9068
 1.0485E+07 10.2965
 1.049E+07 9.94383
 1.0495E+07 10.2876
 1.05E+07 9.8446
 1.0505E+07 10.4781
 1.051E+07 10.19
 1.0515E+07 11.5565
 1.052E+07 9.86367
 1.0525E+07 9.5772
 1.053E+07 9.57698
 1.0535E+07 10.7802
 1.054E+07 9.87798
 1.0545E+07 8.70929
 1.055E+07 9.15931
 1.0555E+07 9.98586
 1.056E+07 10.2135
