 MINIMUM DISTANCE BETWEEN 14-128
 570000 11.4361
 575000 12.669
 580000 11.1115
 585000 13.3615
 590000 14.832
 595000 13.4264
 600000 11.8056
 605000 12.1918
 610000 11.2176
 615000 11.0655
 620000 11.5938
 625000 12.2162
 630000 10.4624
 635000 10.1878
 640000 10.5612
 645000 9.2689
 650000 9.59592
 655000 9.28622
 660000 10.4563
 665000 9.91026
 670000 9.20468
 675000 9.0898
 680000 9.77045
 685000 9.63122
 690000 8.26029
 695000 9.15952
 700000 9.29903
 705000 8.88645
 710000 8.87284
 715000 8.93909
 720000 9.06702
 725000 9.42739
 730000 9.16276
 735000 8.62174
 740000 8.68559
 745000 9.34784
 750000 9.10796
 755000 8.1947
 760000 9.2463
 765000 10.666
 770000 10.1604
 775000 8.19138
 780000 9.162
 785000 9.06169
 790000 11.1756
 795000 8.6499
 800000 8.17863
 805000 9.18778
 810000 8.2196
 815000 10.3529
 820000 10.2682
 825000 8.92951
 830000 8.37667
 835000 8.35918
 840000 6.5676
 845000 7.7691
 850000 5.91142
 855000 5.82774
 860000 6.95369
 865000 6.33456
 870000 8.16062
 875000 9.57031
 880000 10.235
 885000 8.98842
 890000 8.51845
 895000 7.04999
 900000 8.07018
 905000 8.06586
 910000 7.38163
 915000 9.26668
 920000 8.81954
 925000 7.89469
 930000 7.81303
 935000 8.0898
 940000 8.60475
 945000 7.7488
 950000 8.29527
 955000 7.51112
 960000 8.32948
 965000 8.34273
 970000 9.00659
 975000 9.69193
 980000 9.31863
 985000 9.87405
 990000 9.64133
 995000 10.4668
 1E+06 9.40564
 1.005E+06 11.3357
 1.01E+06 9.25957
 1.015E+06 9.97104
 1.02E+06 11.5774
 1.025E+06 11.1041
 1.03E+06 10.3929
 1.035E+06 10.4589
 1.04E+06 10.2227
 1.045E+06 11.3313
 1.05E+06 9.511
 1.055E+06 7.93732
 1.06E+06 8.01164
 1.065E+06 8.592
 1.07E+06 7.92162
 1.075E+06 8.13165
 1.08E+06 9.1128
 1.085E+06 9.59691
 1.09E+06 9.48005
 1.095E+06 9.5143
 1.1E+06 9.33947
 1.105E+06 9.6378
 1.11E+06 9.23283
 1.115E+06 11.4965
 1.12E+06 11.8044
 1.125E+06 10.5579
 1.13E+06 11.068
 1.135E+06 10.16
 1.14E+06 9.35954
 1.145E+06 9.12884
 1.15E+06 10.9003
 1.155E+06 9.87567
 1.16E+06 11.1367
 1.165E+06 9.41296
 1.17E+06 9.12722
 1.175E+06 8.22248
 1.18E+06 9.36222
 1.185E+06 10.2742
 1.19E+06 9.75755
 1.195E+06 8.94567
 1.2E+06 10.2389
 1.205E+06 10.253
 1.21E+06 9.96025
 1.215E+06 10.7824
 1.22E+06 10.5812
 1.225E+06 11.0825
 1.23E+06 9.74044
 1.235E+06 11.1247
 1.24E+06 11.0948
 1.245E+06 11.2546
 1.25E+06 10.5884
 1.255E+06 8.82533
 1.26E+06 9.64732
 1.265E+06 9.11841
 1.27E+06 9.55446
 1.275E+06 9.74947
 1.28E+06 9.21095
 1.285E+06 9.06038
 1.29E+06 8.92511
 1.295E+06 6.68795
 1.3E+06 8.11689
 1.305E+06 9.58195
 1.31E+06 9.92302
 1.315E+06 9.7348
 1.32E+06 10.4136
 1.325E+06 9.36097
 1.33E+06 10.8604
 1.335E+06 10.9131
 1.34E+06 9.76654
 1.345E+06 10.649
 1.35E+06 10.3159
 1.355E+06 9.63388
 1.36E+06 10.2831
 1.365E+06 10.4022
 1.37E+06 9.45353
 1.375E+06 10.2855
 1.38E+06 8.30625
 1.385E+06 9.69726
 1.39E+06 9.12716
 1.395E+06 11.4764
 1.4E+06 11.2815
 1.405E+06 12.3857
 1.41E+06 10.5339
 1.415E+06 10.3688
 1.42E+06 10.5267
 1.425E+06 12.2221
 1.43E+06 11.208
 1.435E+06 10.2265
 1.44E+06 11.2419
 1.445E+06 11.8897
 1.45E+06 9.80344
 1.455E+06 11.4689
 1.46E+06 9.52278
 1.465E+06 9.72341
 1.47E+06 9.26469
 1.475E+06 9.55039
 1.48E+06 10.0605
 1.485E+06 11.3202
 1.49E+06 10.4647
 1.495E+06 10.1665
 1.5E+06 9.66572
 1.505E+06 12.3633
 1.51E+06 10.1564
 1.515E+06 9.75111
 1.52E+06 9.23049
 1.525E+06 9.78499
 1.53E+06 9.25273
 1.535E+06 7.51182
 1.54E+06 9.85521
 1.545E+06 11.1517
 1.55E+06 11.3054
 1.555E+06 9.71117
 1.56E+06 9.57754
 1.565E+06 9.0731
 1.57E+06 9.26175
 1.575E+06 8.75182
 1.58E+06 8.57698
 1.585E+06 8.09209
 1.59E+06 8.9942
 1.595E+06 9.6469
 1.6E+06 11.2362
 1.605E+06 11.5154
 1.61E+06 11.4817
 1.615E+06 10.9162
 1.62E+06 9.98679
 1.625E+06 10.9349
 1.63E+06 9.38363
 1.635E+06 9.81581
 1.64E+06 8.63813
 1.645E+06 7.95029
 1.65E+06 7.74544
 1.655E+06 9.49507
 1.66E+06 8.68485
 1.665E+06 10.8062
 1.67E+06 10.2301
 1.675E+06 10.1904
 1.68E+06 8.63652
 1.685E+06 9.86656
 1.69E+06 9.74227
 1.695E+06 9.33335
 1.7E+06 8.29833
 1.705E+06 7.73513
 1.71E+06 8.0406
 1.715E+06 7.82874
 1.72E+06 8.35423
 1.725E+06 7.15611
 1.73E+06 8.91123
 1.735E+06 8.58739
 1.74E+06 9.96302
 1.745E+06 8.70377
 1.75E+06 9.6119
 1.755E+06 10.4321
 1.76E+06 9.11819
 1.765E+06 9.6217
 1.77E+06 10.3125
 1.775E+06 9.05103
 1.78E+06 9.13447
 1.785E+06 9.30484
 1.79E+06 8.21713
 1.795E+06 8.16132
 1.8E+06 9.2132
 1.805E+06 9.2224
 1.81E+06 9.53289
 1.815E+06 8.21916
 1.82E+06 10.4934
 1.825E+06 9.08897
 1.83E+06 8.75267
 1.835E+06 9.64851
 1.84E+06 8.11597
 1.845E+06 8.68153
 1.85E+06 9.11569
 1.855E+06 7.89432
 1.86E+06 8.59544
 1.865E+06 7.57408
 1.87E+06 8.87315
 1.875E+06 9.27973
 1.88E+06 9.54889
 1.885E+06 8.52312
 1.89E+06 10.034
 1.895E+06 8.65736
 1.9E+06 8.93535
 1.905E+06 9.55788
 1.91E+06 7.73633
 1.915E+06 11.1319
 1.92E+06 10.0216
 1.925E+06 9.32371
 1.93E+06 10.0678
 1.935E+06 10.9907
 1.94E+06 9.18756
 1.945E+06 10.0302
 1.95E+06 10.1936
 1.955E+06 9.50454
 1.96E+06 8.54623
 1.965E+06 9.31797
 1.97E+06 10.8969
 1.975E+06 10.6582
 1.98E+06 8.90833
 1.985E+06 9.29316
 1.99E+06 7.72145
 1.995E+06 8.41392
 2E+06 9.56538
 2.005E+06 9.33535
 2.01E+06 7.9275
 2.015E+06 9.41923
 2.02E+06 10.579
 2.025E+06 12.5638
 2.03E+06 10.8693
 2.035E+06 10.3851
 2.04E+06 9.5785
 2.045E+06 10.7477
 2.05E+06 8.64375
 2.055E+06 8.12352
 2.06E+06 8.22993
 2.065E+06 9.6899
 2.07E+06 9.35442
 2.075E+06 10.1715
 2.08E+06 10.3392
 2.085E+06 9.32289
 2.09E+06 9.7544
 2.095E+06 8.38462
 2.1E+06 9.66031
 2.105E+06 8.96503
 2.11E+06 8.9705
 2.115E+06 9.70362
 2.12E+06 9.10456
 2.125E+06 10.0173
 2.13E+06 11.0838
 2.135E+06 11.0413
 2.14E+06 11.7043
 2.145E+06 11.6138
 2.15E+06 12.6047
 2.155E+06 10.8901
 2.16E+06 10.3506
 2.165E+06 11.1672
 2.17E+06 10.0617
 2.175E+06 10.8719
 2.18E+06 11.8944
 2.185E+06 10.8783
 2.19E+06 10.8986
 2.195E+06 11.7845
 2.2E+06 9.68036
 2.205E+06 11.027
 2.21E+06 11.3073
 2.215E+06 10.7771
 2.22E+06 10.0029
 2.225E+06 10.6589
 2.23E+06 11.0578
 2.235E+06 10.2427
 2.24E+06 9.49915
 2.245E+06 10.7788
 2.25E+06 10.6855
 2.255E+06 10.0833
 2.26E+06 9.58779
 2.265E+06 9.86987
 2.27E+06 9.13862
 2.275E+06 9.78017
 2.28E+06 9.85796
 2.285E+06 8.87318
 2.29E+06 8.91763
 2.295E+06 9.77196
 2.3E+06 6.90994
 2.305E+06 9.76117
 2.31E+06 8.37244
 2.315E+06 8.92495
 2.32E+06 9.07348
 2.325E+06 9.9025
 2.33E+06 9.58586
 2.335E+06 10.2755
 2.34E+06 8.65021
 2.345E+06 8.18528
 2.35E+06 8.44492
 2.355E+06 8.96329
 2.36E+06 9.02858
 2.365E+06 7.94277
 2.37E+06 7.53508
 2.375E+06 8.61901
 2.38E+06 8.69266
 2.385E+06 9.21535
 2.39E+06 8.01604
 2.395E+06 8.57652
 2.4E+06 10.878
 2.405E+06 9.67812
 2.41E+06 10.1156
 2.415E+06 11.2463
 2.42E+06 9.57533
 2.425E+06 9.7909
 2.43E+06 9.25399
 2.435E+06 7.85932
 2.44E+06 10.0202
 2.445E+06 9.06002
 2.45E+06 10.3829
 2.455E+06 8.84463
 2.46E+06 9.36417
 2.465E+06 9.2072
 2.47E+06 10.439
 2.475E+06 10.298
 2.48E+06 8.98495
 2.485E+06 10.2876
 2.49E+06 10.5439
 2.495E+06 9.38421
 2.5E+06 10.6781
 2.505E+06 9.00368
 2.51E+06 9.07811
 2.515E+06 9.07492
 2.52E+06 9.12454
 2.525E+06 10.0607
 2.53E+06 10.9948
 2.535E+06 11.4018
 2.54E+06 11.5028
 2.545E+06 10.2901
 2.55E+06 9.60718
 2.555E+06 10.0027
 2.56E+06 10.9448
 2.565E+06 12.1755
 2.57E+06 11.7477
 2.575E+06 10.6974
 2.58E+06 11.4064
 2.585E+06 10.7717
 2.59E+06 10.4334
 2.595E+06 10.549
 2.6E+06 10.031
 2.605E+06 9.29068
 2.61E+06 11.7454
 2.615E+06 11.5712
 2.62E+06 11.2623
 2.625E+06 10.2804
 2.63E+06 10.5926
 2.635E+06 11.157
 2.64E+06 11.4671
 2.645E+06 10.6541
 2.65E+06 11.2281
 2.655E+06 11.306
 2.66E+06 10.0143
 2.665E+06 10.3556
 2.67E+06 10.5948
 2.675E+06 9.38465
 2.68E+06 10.9609
 2.685E+06 9.57763
 2.69E+06 9.01121
 2.695E+06 8.96967
 2.7E+06 8.37332
 2.705E+06 8.1295
 2.71E+06 7.8203
 2.715E+06 7.20332
 2.72E+06 8.54609
 2.725E+06 8.89691
 2.73E+06 10.4169
 2.735E+06 9.27023
 2.74E+06 10.3105
 2.745E+06 11.259
 2.75E+06 10.2717
 2.755E+06 10.6833
 2.76E+06 11.2127
 2.765E+06 10.1613
 2.77E+06 9.594
 2.775E+06 8.98363
 2.78E+06 8.26568
 2.785E+06 10.8956
 2.79E+06 11.0504
 2.795E+06 10.6769
 2.8E+06 9.83488
 2.805E+06 10.5606
 2.81E+06 10.0038
 2.815E+06 9.65636
 2.82E+06 8.47908
 2.825E+06 10.7927
 2.83E+06 11.2497
 2.835E+06 9.82391
 2.84E+06 8.42302
 2.845E+06 8.93285
 2.85E+06 9.61207
 2.855E+06 8.69411
 2.86E+06 8.39108
 2.865E+06 8.92016
 2.87E+06 10.0416
 2.875E+06 9.89092
 2.88E+06 12.1144
 2.885E+06 11.3223
 2.89E+06 10.8587
 2.895E+06 9.95019
 2.9E+06 9.22853
 2.905E+06 9.9879
 2.91E+06 9.89334
 2.915E+06 11.3649
 2.92E+06 11.9632
 2.925E+06 11.5322
 2.93E+06 12.2716
 2.935E+06 12.0282
 2.94E+06 10.787
 2.945E+06 9.12251
 2.95E+06 11.0779
 2.955E+06 9.58656
 2.96E+06 9.8088
 2.965E+06 11.5531
 2.97E+06 9.81971
 2.975E+06 10.4253
 2.98E+06 9.30849
 2.985E+06 8.94838
 2.99E+06 9.14512
 2.995E+06 7.27639
 3E+06 6.00544
 3.005E+06 6.58895
 3.01E+06 7.97716
 3.015E+06 6.20237
 3.02E+06 5.3561
 3.025E+06 5.76491
 3.03E+06 5.72698
 3.035E+06 7.35714
 3.04E+06 7.59802
 3.045E+06 7.56891
 3.05E+06 8.55973
 3.055E+06 7.93729
 3.06E+06 8.80428
 3.065E+06 9.14768
 3.07E+06 8.5346
 3.075E+06 6.96438
 3.08E+06 5.9023
 3.085E+06 5.99049
 3.09E+06 6.32371
 3.095E+06 5.87152
 3.1E+06 4.73377
 3.105E+06 7.45278
 3.11E+06 6.06346
 3.115E+06 6.84079
 3.12E+06 8.26264
 3.125E+06 8.65434
 3.13E+06 9.82087
 3.135E+06 9.72249
 3.14E+06 8.03526
 3.145E+06 8.55877
 3.15E+06 7.92025
 3.155E+06 9.96988
 3.16E+06 12.2036
 3.165E+06 12.8312
 3.17E+06 12.825
 3.175E+06 11.5275
 3.18E+06 11.4063
 3.185E+06 12.6668
 3.19E+06 12.1914
 3.195E+06 10.8275
 3.2E+06 13.4867
 3.205E+06 13.1071
 3.21E+06 12.7232
 3.215E+06 11.0559
 3.22E+06 11.3071
 3.225E+06 10.9481
 3.23E+06 10.9661
 3.235E+06 11.0969
 3.24E+06 11.5107
 3.245E+06 12.5879
 3.25E+06 13.2833
 3.255E+06 13.299
 3.26E+06 12.6794
 3.265E+06 11.9284
 3.27E+06 11.6334
 3.275E+06 11.8293
 3.28E+06 11.9317
 3.285E+06 9.68291
 3.29E+06 12.9319
 3.295E+06 13.3983
 3.3E+06 11.8081
 3.305E+06 11.7154
 3.31E+06 11.2458
 3.315E+06 10.2806
 3.32E+06 10.6875
 3.325E+06 11.8748
 3.33E+06 10.6271
 3.335E+06 12.3315
 3.34E+06 11.5194
 3.345E+06 11.7594
 3.35E+06 10.343
 3.355E+06 11.5744
 3.36E+06 10.2789
 3.365E+06 13.4148
 3.37E+06 11.9436
 3.375E+06 12.4762
 3.38E+06 13.0517
 3.385E+06 12.7403
 3.39E+06 13.4395
 3.395E+06 12.5381
 3.4E+06 15.2552
 3.405E+06 14.5482
 3.41E+06 13.9693
 3.415E+06 12.7946
 3.42E+06 13.2669
 3.425E+06 12.9404
 3.43E+06 13.0239
 3.435E+06 12.9855
 3.44E+06 13.7675
 3.445E+06 12.5734
 3.45E+06 11.407
 3.455E+06 11.6125
 3.46E+06 11.8756
 3.465E+06 12.6048
 3.47E+06 11.8864
 3.475E+06 12.2833
 3.48E+06 13.7364
 3.485E+06 12.713
 3.49E+06 11.8741
 3.495E+06 11.0704
 3.5E+06 13.3434
 3.505E+06 12.6206
 3.51E+06 13.3135
 3.515E+06 11.7468
 3.52E+06 12.0149
 3.525E+06 13.3229
 3.53E+06 13.1529
 3.535E+06 13.6736
 3.54E+06 10.2175
 3.545E+06 11.6534
 3.55E+06 10.5767
 3.555E+06 9.64886
 3.56E+06 9.5195
 3.565E+06 10.9384
 3.57E+06 11.195
 3.575E+06 11.3593
 3.58E+06 9.66413
 3.585E+06 11.7128
 3.59E+06 11.4429
 3.595E+06 11.6147
 3.6E+06 11.3769
 3.605E+06 11.859
 3.61E+06 11.2576
 3.615E+06 12.1867
 3.62E+06 11.5684
 3.625E+06 11.1162
 3.63E+06 11.5219
 3.635E+06 12.3974
 3.64E+06 11.9788
 3.645E+06 12.0639
 3.65E+06 13.0412
 3.655E+06 9.37221
 3.66E+06 10.8963
 3.665E+06 11.5523
 3.67E+06 12.2922
 3.675E+06 11.6986
 3.68E+06 11.745
 3.685E+06 10.4589
 3.69E+06 10.1497
 3.695E+06 10.912
 3.7E+06 11.1167
 3.705E+06 10.8808
 3.71E+06 12.0823
 3.715E+06 9.42358
 3.72E+06 9.19193
 3.725E+06 10.522
 3.73E+06 10.4379
 3.735E+06 8.19154
 3.74E+06 9.08597
 3.745E+06 9.49376
 3.75E+06 9.12138
 3.755E+06 9.57326
 3.76E+06 11.2027
 3.765E+06 12.3849
 3.77E+06 12.3048
 3.775E+06 11.6345
 3.78E+06 10.7811
 3.785E+06 11.9889
 3.79E+06 12.5954
 3.795E+06 12.0248
 3.8E+06 9.82408
 3.805E+06 9.72238
 3.81E+06 10.4446
 3.815E+06 11.9561
 3.82E+06 12.6747
 3.825E+06 13.1351
 3.83E+06 10.334
 3.835E+06 10.0274
 3.84E+06 11.7352
 3.845E+06 12.6973
 3.85E+06 11.2278
 3.855E+06 10.4152
 3.86E+06 10.4813
 3.865E+06 11.4473
 3.87E+06 10.6032
 3.875E+06 12.3977
 3.88E+06 12.4387
 3.885E+06 12.32
 3.89E+06 13.3637
 3.895E+06 12.2542
 3.9E+06 12.801
 3.905E+06 11.3684
 3.91E+06 11.5461
 3.915E+06 11.2318
 3.92E+06 11.3554
 3.925E+06 10.5108
 3.93E+06 11.0426
 3.935E+06 11.5236
 3.94E+06 11.7908
 3.945E+06 11.8963
 3.95E+06 11.4857
 3.955E+06 10.2971
 3.96E+06 11.6593
 3.965E+06 11.0423
 3.97E+06 10.9724
 3.975E+06 12.1416
 3.98E+06 12.7986
 3.985E+06 11.7467
 3.99E+06 12.9117
 3.995E+06 12.3634
 4E+06 12.1097
 4.005E+06 13.5945
 4.01E+06 13.2769
 4.015E+06 11.6201
 4.02E+06 13.5885
 4.025E+06 12.0502
 4.03E+06 12.2308
 4.035E+06 11.0173
 4.04E+06 13.1207
 4.045E+06 12.6787
 4.05E+06 11.6612
 4.055E+06 11.1927
 4.06E+06 11.5537
 4.065E+06 11.4334
 4.07E+06 11.5352
 4.075E+06 11.9205
 4.08E+06 11.495
 4.085E+06 11.4541
 4.09E+06 13.028
 4.095E+06 12.8359
 4.1E+06 12.8564
 4.105E+06 12.7899
 4.11E+06 14.5436
 4.115E+06 12.7287
 4.12E+06 12.5085
 4.125E+06 11.4447
 4.13E+06 13.7824
 4.135E+06 11.9284
 4.14E+06 11.8578
 4.145E+06 11.6619
 4.15E+06 13.4616
 4.155E+06 12.6431
 4.16E+06 12.2657
 4.165E+06 11.8416
 4.17E+06 12.4921
 4.175E+06 13.0449
 4.18E+06 12.3115
 4.185E+06 12.2977
 4.19E+06 11.7992
 4.195E+06 11.3296
 4.2E+06 11.4635
 4.205E+06 11.1146
 4.21E+06 11.9478
 4.215E+06 12.5424
 4.22E+06 11.5664
 4.225E+06 12.5509
 4.23E+06 13.3739
 4.235E+06 13.8607
 4.24E+06 12.8658
 4.245E+06 11.3487
 4.25E+06 13.5093
 4.255E+06 14.6721
 4.26E+06 13.3441
 4.265E+06 13.1152
 4.27E+06 13.4649
 4.275E+06 14.0816
 4.28E+06 13.8409
 4.285E+06 13.8257
 4.29E+06 13.9464
 4.295E+06 13.8563
 4.3E+06 14.8361
 4.305E+06 13.8322
 4.31E+06 14.1899
 4.315E+06 12.3734
 4.32E+06 12.4223
 4.325E+06 12.7011
 4.33E+06 13.1006
 4.335E+06 12.2826
 4.34E+06 12.7824
 4.345E+06 12.5947
 4.35E+06 14.2269
 4.355E+06 13.3448
 4.36E+06 14.1283
 4.365E+06 13.6907
 4.37E+06 13.8616
 4.375E+06 13.735
 4.38E+06 12.9845
 4.385E+06 12.9213
 4.39E+06 12.882
 4.395E+06 12.8551
 4.4E+06 11.6192
 4.405E+06 11.1796
 4.41E+06 13.1084
 4.415E+06 11.6948
 4.42E+06 11.0707
 4.425E+06 9.91507
 4.43E+06 11.9357
 4.435E+06 11.6078
 4.44E+06 10.64
 4.445E+06 11.7991
 4.45E+06 10.7829
 4.455E+06 11.5247
 4.46E+06 10.8351
 4.465E+06 12.054
 4.47E+06 9.88495
 4.475E+06 10.7723
 4.48E+06 12.446
 4.485E+06 11.1952
 4.49E+06 11.608
 4.495E+06 11.7813
 4.5E+06 12.6282
 4.505E+06 12.9797
 4.51E+06 11.9477
 4.515E+06 12.1548
 4.52E+06 12.3474
 4.525E+06 11.4616
 4.53E+06 11.7785
 4.535E+06 10.509
 4.54E+06 10.6705
 4.545E+06 8.56837
 4.55E+06 9.06301
 4.555E+06 8.89894
 4.56E+06 9.03859
 4.565E+06 9.85596
 4.57E+06 10.164
 4.575E+06 11.6256
 4.58E+06 10.4996
 4.585E+06 10.3565
 4.59E+06 9.19555
 4.595E+06 10.3276
 4.6E+06 9.2619
 4.605E+06 9.9902
 4.61E+06 9.13828
 4.615E+06 10.2264
 4.62E+06 8.21756
 4.625E+06 8.21404
 4.63E+06 10.2878
 4.635E+06 9.00582
 4.64E+06 9.49696
 4.645E+06 10.0413
 4.65E+06 8.97962
 4.655E+06 10.2408
 4.66E+06 10.3147
 4.665E+06 10.1792
 4.67E+06 11.2217
 4.675E+06 10.8837
 4.68E+06 10.0264
 4.685E+06 11.2002
 4.69E+06 12.4122
 4.695E+06 11.2423
 4.7E+06 9.96922
 4.705E+06 9.99255
 4.71E+06 9.77968
 4.715E+06 12.0646
 4.72E+06 12.7237
 4.725E+06 12.1627
 4.73E+06 11.5736
 4.735E+06 11.0756
 4.74E+06 10.515
 4.745E+06 10.8396
 4.75E+06 11.4828
 4.755E+06 10.9193
 4.76E+06 11.5688
 4.765E+06 12.2086
 4.77E+06 12.2134
 4.775E+06 12.9171
 4.78E+06 11.811
 4.785E+06 10.7118
 4.79E+06 9.74691
 4.795E+06 10.4521
 4.8E+06 11.0063
 4.805E+06 9.11328
 4.81E+06 8.87125
 4.815E+06 10.3586
 4.82E+06 9.56352
 4.825E+06 9.12674
 4.83E+06 7.3319
 4.835E+06 6.83396
 4.84E+06 9.53392
 4.845E+06 10.4739
 4.85E+06 11.9592
 4.855E+06 10.3359
 4.86E+06 11.1104
 4.865E+06 9.77706
 4.87E+06 9.35478
 4.875E+06 9.96798
 4.88E+06 10.1174
 4.885E+06 10.2436
 4.89E+06 10.5885
 4.895E+06 11.6294
 4.9E+06 10.0593
 4.905E+06 10.7622
 4.91E+06 11.8941
 4.915E+06 11.1575
 4.92E+06 12.1069
 4.925E+06 12.4102
 4.93E+06 11.4587
 4.935E+06 10.8849
 4.94E+06 9.95854
 4.945E+06 10.1251
 4.95E+06 11.056
 4.955E+06 11.8369
 4.96E+06 11.2869
 4.965E+06 9.93205
 4.97E+06 9.96129
 4.975E+06 10.5632
 4.98E+06 8.78759
 4.985E+06 8.70369
 4.99E+06 11.0984
 4.995E+06 9.23705
 5E+06 10.1118
 5.005E+06 8.9035
 5.01E+06 9.68904
 5.015E+06 10.5555
 5.02E+06 10.2671
 5.025E+06 9.35882
 5.03E+06 9.13253
 5.035E+06 9.88447
 5.04E+06 9.66381
 5.045E+06 9.67965
 5.05E+06 9.95453
 5.055E+06 10.557
 5.06E+06 9.49512
 5.065E+06 11.1388
 5.07E+06 9.65008
 5.075E+06 8.54645
 5.08E+06 8.35318
 5.085E+06 10.5008
 5.09E+06 9.0757
 5.095E+06 9.37461
 5.1E+06 9.47682
 5.105E+06 8.12689
 5.11E+06 7.82769
 5.115E+06 9.51945
 5.12E+06 8.303
 5.125E+06 9.32413
 5.13E+06 9.6063
 5.135E+06 9.92509
 5.14E+06 9.27212
 5.145E+06 9.95194
 5.15E+06 9.79183
 5.155E+06 10.1461
 5.16E+06 11.0643
 5.165E+06 9.50616
 5.17E+06 10.0585
 5.175E+06 8.62254
 5.18E+06 11.0905
 5.185E+06 9.61797
 5.19E+06 8.55678
 5.195E+06 9.80783
 5.2E+06 9.46214
 5.205E+06 10.8875
 5.21E+06 11.1921
 5.215E+06 11.0336
 5.22E+06 11.3766
 5.225E+06 11.8963
 5.23E+06 11.428
 5.235E+06 12.627
 5.24E+06 14.5274
 5.245E+06 12.7787
 5.25E+06 12.4598
 5.255E+06 12.4976
 5.26E+06 12.0345
 5.265E+06 12.9363
 5.27E+06 12.8474
 5.275E+06 12.8866
 5.28E+06 12.3841
 5.285E+06 13.6489
 5.29E+06 11.8849
 5.295E+06 11.1262
 5.3E+06 12.6478
 5.305E+06 11.0512
 5.31E+06 13.0959
 5.315E+06 13.3551
 5.32E+06 13.8214
 5.325E+06 13.2224
 5.33E+06 13.4033
 5.335E+06 12.7366
 5.34E+06 13.9373
 5.345E+06 14.4359
 5.35E+06 14.0949
 5.355E+06 14.3157
 5.36E+06 14.7936
 5.365E+06 14.0358
 5.37E+06 13.1438
 5.375E+06 14.1703
 5.38E+06 14.2079
 5.385E+06 14.1811
 5.39E+06 14.3841
 5.395E+06 14.6183
 5.4E+06 13.5369
 5.405E+06 13.1174
 5.41E+06 11.6154
 5.415E+06 11.7494
 5.42E+06 12.2219
 5.425E+06 12.3138
 5.43E+06 12.006
 5.435E+06 11.8717
 5.44E+06 12.0159
 5.445E+06 10.9053
 5.45E+06 8.97136
 5.455E+06 9.68914
 5.46E+06 10.4323
 5.465E+06 10.2161
 5.47E+06 12.5934
 5.475E+06 11.5775
 5.48E+06 12.2787
 5.485E+06 12.0597
 5.49E+06 11.0498
 5.495E+06 11.189
 5.5E+06 10.481
 5.505E+06 11.9632
 5.51E+06 11.0306
 5.515E+06 11.6912
 5.52E+06 10.9271
 5.525E+06 11.9997
 5.53E+06 12.7873
 5.535E+06 11.8982
 5.54E+06 11.4675
 5.545E+06 11.8416
 5.55E+06 12.3804
 5.555E+06 13.4126
 5.56E+06 13.2259
 5.565E+06 13.1496
 5.57E+06 12.4058
 5.575E+06 12.9855
 5.58E+06 13.2851
 5.585E+06 13.4554
 5.59E+06 13.1264
 5.595E+06 12.4027
 5.6E+06 14.0138
 5.605E+06 12.0989
 5.61E+06 13.2598
 5.615E+06 11.7558
 5.62E+06 11.843
 5.625E+06 11.5644
 5.63E+06 12.2814
 5.635E+06 11.4641
 5.64E+06 12.5558
 5.645E+06 12.2497
 5.65E+06 12.9815
 5.655E+06 12.8541
 5.66E+06 12.4999
 5.665E+06 12.5901
 5.67E+06 12.6966
 5.675E+06 12.0294
 5.68E+06 11.1457
 5.685E+06 12.4411
 5.69E+06 11.7513
 5.695E+06 12.3256
 5.7E+06 12.0088
 5.705E+06 11.6083
 5.71E+06 12.7003
 5.715E+06 13.7803
 5.72E+06 13.5388
 5.725E+06 13.1961
 5.73E+06 12.6489
 5.735E+06 11.5217
 5.74E+06 12.7158
 5.745E+06 14.0555
 5.75E+06 14.0371
 5.755E+06 13.1153
 5.76E+06 13.2001
 5.765E+06 13.2043
 5.77E+06 14.1079
 5.775E+06 13.0251
 5.78E+06 13.7934
 5.785E+06 12.3516
 5.79E+06 14.6474
 5.795E+06 14.0095
 5.8E+06 15.1827
 5.805E+06 14.1831
 5.81E+06 12.6341
 5.815E+06 12.8104
 5.82E+06 13.5648
 5.825E+06 13.7501
 5.83E+06 13.1446
 5.835E+06 13.5571
 5.84E+06 13.6039
 5.845E+06 14.4369
 5.85E+06 14.6491
 5.855E+06 12.8841
 5.86E+06 12.2045
 5.865E+06 11.6682
 5.87E+06 10.6679
 5.875E+06 11.7598
 5.88E+06 12.3384
 5.885E+06 13.0891
 5.89E+06 13.0844
 5.895E+06 11.9
 5.9E+06 12.194
 5.905E+06 10.989
 5.91E+06 9.93397
 5.915E+06 10.8475
 5.92E+06 9.77786
 5.925E+06 10.6745
 5.93E+06 10.0079
 5.935E+06 9.22201
 5.94E+06 10.6463
 5.945E+06 11.5393
 5.95E+06 11.3806
 5.955E+06 11.827
 5.96E+06 11.0742
 5.965E+06 10.1161
 5.97E+06 10.3228
 5.975E+06 10.483
 5.98E+06 9.24259
 5.985E+06 9.54498
 5.99E+06 9.07679
 5.995E+06 10.8317
 6E+06 11.8625
 6.005E+06 11.6294
 6.01E+06 10.4526
 6.015E+06 11.6198
 6.02E+06 12.0841
 6.025E+06 11.6495
 6.03E+06 11.3812
 6.035E+06 10.3665
 6.04E+06 9.0769
 6.045E+06 11.4072
 6.05E+06 9.93459
 6.055E+06 9.98778
 6.06E+06 10.825
 6.065E+06 12.0998
 6.07E+06 11.6566
 6.075E+06 12.8292
 6.08E+06 11.3456
 6.085E+06 11.8494
 6.09E+06 10.6425
 6.095E+06 12.1604
 6.1E+06 12.5481
 6.105E+06 13.2839
 6.11E+06 12.3513
 6.115E+06 11.4587
 6.12E+06 11.4166
 6.125E+06 12.5533
 6.13E+06 11.7217
 6.135E+06 11.561
 6.14E+06 11.656
 6.145E+06 13.4156
 6.15E+06 12.5498
 6.155E+06 12.7377
 6.16E+06 12.0562
 6.165E+06 12.6916
 6.17E+06 12.7471
 6.175E+06 11.8123
 6.18E+06 10.7658
 6.185E+06 11.6359
 6.19E+06 12.2707
 6.195E+06 11.7088
 6.2E+06 11.1258
 6.205E+06 8.74545
 6.21E+06 10.5952
 6.215E+06 10.8352
 6.22E+06 11.68
 6.225E+06 11.5929
 6.23E+06 11.6066
 6.235E+06 12.7508
 6.24E+06 11.8674
 6.245E+06 12.3466
 6.25E+06 10.9665
 6.255E+06 11.484
 6.26E+06 10.0716
 6.265E+06 9.65445
 6.27E+06 10.1121
 6.275E+06 10.6587
 6.28E+06 10.2952
 6.285E+06 10.0218
 6.29E+06 11.289
 6.295E+06 10.9029
 6.3E+06 10.3606
 6.305E+06 11.4065
 6.31E+06 12.4909
 6.315E+06 11.2107
 6.32E+06 12.1103
 6.325E+06 12.9363
 6.33E+06 11.7124
 6.335E+06 12.5992
 6.34E+06 11.8522
 6.345E+06 12.5678
 6.35E+06 12.395
 6.355E+06 12.2315
 6.36E+06 11.1964
 6.365E+06 11.8895
 6.37E+06 12.3555
 6.375E+06 11.0774
 6.38E+06 10.4238
 6.385E+06 9.05232
 6.39E+06 9.96433
 6.395E+06 8.53252
 6.4E+06 10.7796
 6.405E+06 10.7719
 6.41E+06 9.83174
 6.415E+06 9.27415
 6.42E+06 9.55709
 6.425E+06 10.2162
 6.43E+06 9.59474
 6.435E+06 8.93735
 6.44E+06 8.75485
 6.445E+06 10.6624
 6.45E+06 12.5601
 6.455E+06 11.9107
 6.46E+06 12.9743
 6.465E+06 13.6705
 6.47E+06 11.6989
 6.475E+06 11.3266
 6.48E+06 9.06788
 6.485E+06 10.1788
 6.49E+06 9.76677
 6.495E+06 10.134
 6.5E+06 10.1608
 6.505E+06 10.41
 6.51E+06 10.6815
 6.515E+06 8.03652
 6.52E+06 8.15028
 6.525E+06 8.56405
 6.53E+06 7.86315
 6.535E+06 7.74436
 6.54E+06 8.07098
 6.545E+06 8.27276
 6.55E+06 8.93251
 6.555E+06 10.365
 6.56E+06 9.84362
 6.565E+06 10.4218
 6.57E+06 11.5053
 6.575E+06 11.72
 6.58E+06 11.7745
 6.585E+06 11.0984
 6.59E+06 9.95879
 6.595E+06 10.2402
 6.6E+06 9.68557
 6.605E+06 9.86197
 6.61E+06 9.83336
 6.615E+06 10.5299
 6.62E+06 11.1664
 6.625E+06 10.0011
 6.63E+06 9.64844
 6.635E+06 7.39628
 6.64E+06 8.77927
 6.645E+06 8.24119
 6.65E+06 8.69367
 6.655E+06 10.6463
 6.66E+06 10.2015
 6.665E+06 9.34632
 6.67E+06 9.80139
 6.675E+06 9.99472
 6.68E+06 9.10738
 6.685E+06 10.4503
 6.69E+06 9.55746
 6.695E+06 11.4722
 6.7E+06 10.6095
 6.705E+06 10.6292
 6.71E+06 10.5144
 6.715E+06 9.48783
 6.72E+06 10.3312
 6.725E+06 9.48389
 6.73E+06 9.86127
 6.735E+06 9.10906
 6.74E+06 9.90863
 6.745E+06 10.6972
 6.75E+06 10.3536
 6.755E+06 10.7167
 6.76E+06 10.0406
 6.765E+06 9.87277
 6.77E+06 12.5161
 6.775E+06 11.0413
 6.78E+06 8.29094
 6.785E+06 9.46851
 6.79E+06 9.04072
 6.795E+06 8.85504
 6.8E+06 9.02627
 6.805E+06 8.76137
 6.81E+06 9.93482
 6.815E+06 10.7327
 6.82E+06 10.1553
 6.825E+06 11.0484
 6.83E+06 11.0316
 6.835E+06 10.8794
 6.84E+06 10.74
 6.845E+06 10.3637
 6.85E+06 10.2423
 6.855E+06 10.8895
 6.86E+06 11.3978
 6.865E+06 11.9812
 6.87E+06 11.4679
 6.875E+06 12.3138
 6.88E+06 11.0913
 6.885E+06 10.4256
 6.89E+06 10.6133
 6.895E+06 11.7551
 6.9E+06 11.8447
 6.905E+06 9.62063
 6.91E+06 9.77629
 6.915E+06 10.9343
 6.92E+06 11.964
 6.925E+06 11.3918
 6.93E+06 11.8225
 6.935E+06 11.6702
 6.94E+06 10.2266
 6.945E+06 11.3672
 6.95E+06 11.5125
 6.955E+06 10.4169
 6.96E+06 11.1307
 6.965E+06 11.5863
 6.97E+06 12.5799
 6.975E+06 10.6684
 6.98E+06 12.0494
 6.985E+06 11.1509
 6.99E+06 11.8784
 6.995E+06 12.3021
 7E+06 10.9067
 7.005E+06 12.0855
 7.01E+06 11.7863
 7.015E+06 10.9288
 7.02E+06 10.7935
 7.025E+06 11.3429
 7.03E+06 10.3831
 7.035E+06 8.35857
 7.04E+06 10.9536
 7.045E+06 10.7515
 7.05E+06 11.8854
 7.055E+06 11.4901
 7.06E+06 10.4169
 7.065E+06 11.2179
 7.07E+06 10.7746
 7.075E+06 12.6283
 7.08E+06 11.9311
 7.085E+06 11.31
 7.09E+06 9.27557
 7.095E+06 9.80308
 7.1E+06 12.4321
 7.105E+06 10.5102
 7.11E+06 12.2251
 7.115E+06 11.8555
 7.12E+06 9.67694
 7.125E+06 12.274
 7.13E+06 12.2323
 7.135E+06 12.608
 7.14E+06 11.3942
 7.145E+06 10.0608
 7.15E+06 9.5512
 7.155E+06 10.754
 7.16E+06 11.1216
 7.165E+06 11.58
 7.17E+06 10.3569
 7.175E+06 10.2432
 7.18E+06 10.5791
 7.185E+06 9.72073
 7.19E+06 10.3996
 7.195E+06 10.2927
 7.2E+06 9.01572
 7.205E+06 11.7366
 7.21E+06 12.302
 7.215E+06 11.0728
 7.22E+06 11.7238
 7.225E+06 10.608
 7.23E+06 10.2675
 7.235E+06 10.8687
 7.24E+06 10.8715
 7.245E+06 10.8595
 7.25E+06 12.438
 7.255E+06 13.3725
 7.26E+06 11.9943
 7.265E+06 12.7848
 7.27E+06 12.5672
 7.275E+06 12.494
 7.28E+06 12.9952
 7.285E+06 11.8939
 7.29E+06 12.7502
 7.295E+06 11.8817
 7.3E+06 12.3887
 7.305E+06 13.495
 7.31E+06 12.4886
 7.315E+06 12.5705
 7.32E+06 13.3961
 7.325E+06 13.2182
 7.33E+06 12.7993
 7.335E+06 11.7024
 7.34E+06 11.8315
 7.345E+06 10.7461
 7.35E+06 10.9181
 7.355E+06 10.8429
 7.36E+06 11.922
 7.365E+06 11.6142
 7.37E+06 11.8996
 7.375E+06 12.0297
 7.38E+06 12.7061
 7.385E+06 10.9348
 7.39E+06 12.05
 7.395E+06 12.3635
 7.4E+06 12.8427
 7.405E+06 13.1674
 7.41E+06 12.6609
 7.415E+06 12.8076
 7.42E+06 12.3032
 7.425E+06 12.0788
 7.43E+06 11.4676
 7.435E+06 12.3385
 7.44E+06 12.8896
 7.445E+06 11.6087
 7.45E+06 11.8246
 7.455E+06 12.0166
 7.46E+06 12.162
 7.465E+06 12.8149
 7.47E+06 13.5064
 7.475E+06 13.3767
 7.48E+06 13.4423
 7.485E+06 14.7013
 7.49E+06 13.5415
 7.495E+06 13.3618
 7.5E+06 12.6836
 7.505E+06 13.7337
 7.51E+06 12.8507
 7.515E+06 12.9549
 7.52E+06 11.984
 7.525E+06 13.0086
 7.53E+06 11.6749
 7.535E+06 13.3532
 7.54E+06 14.1455
 7.545E+06 13.6322
 7.55E+06 13.99
 7.555E+06 13.9169
 7.56E+06 13.8859
 7.565E+06 12.087
 7.57E+06 12.0714
 7.575E+06 12.8755
 7.58E+06 13.6119
 7.585E+06 13.5103
 7.59E+06 13.4873
 7.595E+06 14.2264
 7.6E+06 13.8664
 7.605E+06 12.5416
 7.61E+06 12.0279
 7.615E+06 12.2861
 7.62E+06 12.0312
 7.625E+06 11.5698
 7.63E+06 13.208
 7.635E+06 14.3601
 7.64E+06 13.5256
 7.645E+06 11.6476
 7.65E+06 13.028
 7.655E+06 12.6901
 7.66E+06 11.2188
 7.665E+06 12.215
 7.67E+06 11.8985
 7.675E+06 11.8278
 7.68E+06 12.2039
 7.685E+06 12.6151
 7.69E+06 12.266
 7.695E+06 11.5432
 7.7E+06 10.6357
 7.705E+06 10.8687
 7.71E+06 11.5152
 7.715E+06 12.1779
 7.72E+06 11.8955
 7.725E+06 11.1446
 7.73E+06 12.0506
 7.735E+06 11.7004
 7.74E+06 12.0496
 7.745E+06 11.0833
 7.75E+06 11.5618
 7.755E+06 11.452
 7.76E+06 10.579
 7.765E+06 10.8889
 7.77E+06 10.5348
 7.775E+06 11.739
 7.78E+06 12.2276
 7.785E+06 11.7987
 7.79E+06 12.2342
 7.795E+06 11.513
 7.8E+06 13.6842
 7.805E+06 13.8713
 7.81E+06 14.0057
 7.815E+06 13.955
 7.82E+06 13.8132
 7.825E+06 11.1004
 7.83E+06 12.9113
 7.835E+06 11.6315
 7.84E+06 11.5044
 7.845E+06 13.2591
 7.85E+06 12.6008
 7.855E+06 12.7264
 7.86E+06 12.7661
 7.865E+06 13.0548
 7.87E+06 13.3439
 7.875E+06 12.2738
 7.88E+06 13.352
 7.885E+06 11.8284
 7.89E+06 12.1067
 7.895E+06 12.0131
 7.9E+06 12.5619
 7.905E+06 12.6887
 7.91E+06 12.2125
 7.915E+06 11.9011
 7.92E+06 11.8843
 7.925E+06 13.0241
 7.93E+06 13.4144
 7.935E+06 13.1343
 7.94E+06 13.1212
 7.945E+06 13.7909
 7.95E+06 15.0726
 7.955E+06 14.0072
 7.96E+06 14.4412
 7.965E+06 15.2457
 7.97E+06 14.6116
 7.975E+06 14.668
 7.98E+06 14.4692
 7.985E+06 14.5053
 7.99E+06 14.7108
 7.995E+06 15.8652
 8E+06 14.754
 8.005E+06 14.4908
 8.01E+06 14.5873
 8.015E+06 15.2594
 8.02E+06 15.2113
 8.025E+06 13.1937
 8.03E+06 13.4888
 8.035E+06 13.2374
 8.04E+06 13.1258
 8.045E+06 13.6185
 8.05E+06 12.093
 8.055E+06 12.106
 8.06E+06 11.3383
 8.065E+06 11.8632
 8.07E+06 12.5457
 8.075E+06 11.3784
 8.08E+06 12.8353
 8.085E+06 11.7611
 8.09E+06 10.1581
 8.095E+06 11.9397
 8.1E+06 12.2086
 8.105E+06 11.4768
 8.11E+06 12.7485
 8.115E+06 10.6711
 8.12E+06 11.7448
 8.125E+06 9.97565
 8.13E+06 10.0564
 8.135E+06 11.1711
 8.14E+06 11.3816
 8.145E+06 10.8411
 8.15E+06 11.6096
 8.155E+06 12.8741
 8.16E+06 10.8148
 8.165E+06 12.2817
 8.17E+06 10.4624
 8.175E+06 10.0233
 8.18E+06 11.8359
 8.185E+06 10.4951
 8.19E+06 12.8808
 8.195E+06 11.9443
 8.2E+06 11.5481
 8.205E+06 12.531
 8.21E+06 12.2572
 8.215E+06 11.4896
 8.22E+06 11.1782
 8.225E+06 12.2907
 8.23E+06 12.2988
 8.235E+06 12.296
 8.24E+06 11.0331
 8.245E+06 10.8861
 8.25E+06 12.1516
 8.255E+06 11.7963
 8.26E+06 11.8666
 8.265E+06 10.9774
 8.27E+06 11.7834
 8.275E+06 11.6715
 8.28E+06 11.7468
 8.285E+06 13.5895
 8.29E+06 12.603
 8.295E+06 12.5149
 8.3E+06 11.7726
 8.305E+06 12.2794
 8.31E+06 10.8958
 8.315E+06 9.78674
 8.32E+06 9.88955
 8.325E+06 10.7757
 8.33E+06 11.5966
 8.335E+06 12.137
 8.34E+06 10.7713
 8.345E+06 10.5869
 8.35E+06 11.4727
 8.355E+06 10.3471
 8.36E+06 10.9166
 8.365E+06 9.81662
 8.37E+06 10.8158
 8.375E+06 12.2593
 8.38E+06 10.317
 8.385E+06 9.12098
 8.39E+06 8.49552
 8.395E+06 8.84538
 8.4E+06 9.99031
 8.405E+06 10.5423
 8.41E+06 11.0936
 8.415E+06 10.7305
 8.42E+06 11.564
 8.425E+06 11.2131
 8.43E+06 10.1587
 8.435E+06 9.38742
 8.44E+06 9.5866
 8.445E+06 8.19646
 8.45E+06 10.3541
 8.455E+06 10.006
 8.46E+06 11.5637
 8.465E+06 11.3634
 8.47E+06 10.7057
 8.475E+06 10.7516
 8.48E+06 10.7986
 8.485E+06 11.6306
 8.49E+06 11.7462
 8.495E+06 8.87765
 8.5E+06 10.3871
 8.505E+06 10.5037
 8.51E+06 9.8091
 8.515E+06 10.1508
 8.52E+06 10.4635
 8.525E+06 10.3743
 8.53E+06 11.2019
 8.535E+06 9.30988
 8.54E+06 10.0741
 8.545E+06 11.1403
 8.55E+06 12.0954
 8.555E+06 10.1136
 8.56E+06 10.7463
 8.565E+06 10.0142
 8.57E+06 11.3924
 8.575E+06 12.8597
 8.58E+06 11.69
 8.585E+06 10.7674
 8.59E+06 11.0305
 8.595E+06 10.2934
 8.6E+06 9.82673
 8.605E+06 11.2689
 8.61E+06 10.9892
 8.615E+06 10.4936
 8.62E+06 10.78
 8.625E+06 10.5661
 8.63E+06 10.524
 8.635E+06 10.7821
 8.64E+06 10.6749
 8.645E+06 11.4114
 8.65E+06 10.5433
 8.655E+06 11.7094
 8.66E+06 13.1667
 8.665E+06 12.8435
 8.67E+06 13.2882
 8.675E+06 12.1479
 8.68E+06 11.5398
 8.685E+06 11.6331
 8.69E+06 11.9586
 8.695E+06 11.7895
 8.7E+06 10.3556
 8.705E+06 11.409
 8.71E+06 11.347
 8.715E+06 11.5532
 8.72E+06 11.6629
 8.725E+06 10.6337
 8.73E+06 10.4537
 8.735E+06 10.0521
 8.74E+06 8.44455
 8.745E+06 9.71635
 8.75E+06 9.88571
 8.755E+06 10.8626
 8.76E+06 11.5706
 8.765E+06 10.6616
 8.77E+06 12.7124
 8.775E+06 11.5576
 8.78E+06 12.3236
 8.785E+06 11.4258
 8.79E+06 11.4109
 8.795E+06 12.216
 8.8E+06 11.8897
 8.805E+06 12.2934
 8.81E+06 13.0855
 8.815E+06 13.4659
 8.82E+06 11.8114
 8.825E+06 12.1739
 8.83E+06 13.3802
 8.835E+06 12.2614
 8.84E+06 10.5802
 8.845E+06 10.329
 8.85E+06 11.0582
 8.855E+06 11.4226
 8.86E+06 10.5189
 8.865E+06 11.0191
 8.87E+06 10.4329
 8.875E+06 10.6211
 8.88E+06 9.60453
 8.885E+06 8.60075
 8.89E+06 10.6448
 8.895E+06 12.2618
 8.9E+06 11.6115
 8.905E+06 10.5379
 8.91E+06 10.6919
 8.915E+06 10.8928
 8.92E+06 11.555
 8.925E+06 10.7918
 8.93E+06 11.4297
 8.935E+06 11.1901
 8.94E+06 11.6876
 8.945E+06 11.1425
 8.95E+06 10.9896
 8.955E+06 11.5972
 8.96E+06 11.883
 8.965E+06 10.8476
 8.97E+06 12.1731
 8.975E+06 12.0668
 8.98E+06 11.4969
 8.985E+06 10.6561
 8.99E+06 10.9544
 8.995E+06 11.7565
 9E+06 10.3138
 9.005E+06 10.5675
 9.01E+06 11.1822
 9.015E+06 12.1842
 9.02E+06 12.5126
 9.025E+06 11.8519
 9.03E+06 11.1191
 9.035E+06 10.6469
 9.04E+06 11.9682
 9.045E+06 12.1809
 9.05E+06 12.2847
 9.055E+06 12.4666
 9.06E+06 11.6227
 9.065E+06 11.9505
 9.07E+06 10.66
 9.075E+06 11.2715
 9.08E+06 10.2807
 9.085E+06 13.0374
 9.09E+06 10.8279
 9.095E+06 10.6335
 9.1E+06 11.5812
 9.105E+06 10.318
 9.11E+06 10.8051
 9.115E+06 11.7117
 9.12E+06 11.603
 9.125E+06 12.4825
 9.13E+06 13.337
 9.135E+06 13.7653
 9.14E+06 14.2836
 9.145E+06 14.06
 9.15E+06 14.0568
 9.155E+06 14.5897
 9.16E+06 13.7339
 9.165E+06 12.631
 9.17E+06 11.9925
 9.175E+06 12.1562
 9.18E+06 11.1314
 9.185E+06 11.623
 9.19E+06 11.8458
 9.195E+06 11.275
 9.2E+06 11.198
 9.205E+06 11.5886
 9.21E+06 9.84463
 9.215E+06 10.2233
 9.22E+06 10.7748
 9.225E+06 11.2537
 9.23E+06 12.6116
 9.235E+06 11.5167
 9.24E+06 10.7103
 9.245E+06 11.1722
 9.25E+06 11.0973
 9.255E+06 10.4261
 9.26E+06 10.8526
 9.265E+06 11.1269
 9.27E+06 10.6347
 9.275E+06 11.6599
 9.28E+06 13.6495
 9.285E+06 12.6829
 9.29E+06 10.5221
 9.295E+06 11.2247
 9.3E+06 12.228
 9.305E+06 12.2172
 9.31E+06 11.3938
 9.315E+06 12.0636
 9.32E+06 11.9216
 9.325E+06 12.7121
 9.33E+06 12.3476
 9.335E+06 12.9641
 9.34E+06 11.9222
 9.345E+06 10.8589
 9.35E+06 12.3917
 9.355E+06 12.1162
 9.36E+06 12.6693
 9.365E+06 12.9273
 9.37E+06 12.4809
 9.375E+06 12.4709
 9.38E+06 11.5544
 9.385E+06 12.3221
 9.39E+06 11.4017
 9.395E+06 11.1818
 9.4E+06 11.4962
 9.405E+06 13.073
 9.41E+06 12.8912
 9.415E+06 12.8404
 9.42E+06 11.7752
 9.425E+06 12.4612
 9.43E+06 11.4589
 9.435E+06 11.2331
 9.44E+06 10.2977
 9.445E+06 10.4524
 9.45E+06 11.948
 9.455E+06 11.7984
 9.46E+06 13.642
 9.465E+06 12.8223
 9.47E+06 13.258
 9.475E+06 13.4635
 9.48E+06 14.9398
 9.485E+06 14.1895
 9.49E+06 13.9885
 9.495E+06 11.1961
 9.5E+06 11.4118
 9.505E+06 10.7816
 9.51E+06 10.733
 9.515E+06 11.7373
 9.52E+06 12.4593
 9.525E+06 12.7206
 9.53E+06 11.6294
 9.535E+06 12.0104
 9.54E+06 13.0697
 9.545E+06 13.9093
 9.55E+06 10.9345
 9.555E+06 11.5508
 9.56E+06 11.0396
 9.565E+06 11.9572
 9.57E+06 12.3371
 9.575E+06 11.4381
 9.58E+06 12.285
 9.585E+06 13.6247
 9.59E+06 12.7862
 9.595E+06 12.6764
 9.6E+06 12.3492
 9.605E+06 13.0402
 9.61E+06 11.024
 9.615E+06 11.4365
 9.62E+06 12.4901
 9.625E+06 11.5665
 9.63E+06 12.1964
 9.635E+06 11.164
 9.64E+06 12.4493
 9.645E+06 10.8678
 9.65E+06 11.0637
 9.655E+06 10.7085
 9.66E+06 10.6773
 9.665E+06 10.9662
 9.67E+06 11.007
 9.675E+06 11.6801
 9.68E+06 12.1489
 9.685E+06 11.066
 9.69E+06 11.296
 9.695E+06 11.6782
 9.7E+06 11.1609
 9.705E+06 10.6993
 9.71E+06 11.2264
 9.715E+06 11.7661
 9.72E+06 11.0763
 9.725E+06 11.6514
 9.73E+06 11.693
 9.735E+06 11.1328
 9.74E+06 12.0369
 9.745E+06 10.3589
 9.75E+06 9.98169
 9.755E+06 10.6042
 9.76E+06 11.2819
 9.765E+06 11.4943
 9.77E+06 9.80407
 9.775E+06 11.3153
 9.78E+06 11.3465
 9.785E+06 11.3157
 9.79E+06 10.6923
 9.795E+06 10.3897
 9.8E+06 12.2175
 9.805E+06 11.2927
 9.81E+06 9.59816
 9.815E+06 11.2629
 9.82E+06 10.2865
 9.825E+06 10.1069
 9.83E+06 10.9481
 9.835E+06 11.6596
 9.84E+06 12.7243
 9.845E+06 12.0107
 9.85E+06 11.9624
 9.855E+06 12.8894
 9.86E+06 11.459
 9.865E+06 11.3442
 9.87E+06 9.75708
 9.875E+06 11.1282
 9.88E+06 12.5977
 9.885E+06 11.7852
 9.89E+06 11.468
 9.895E+06 13.1104
 9.9E+06 12.2701
 9.905E+06 13.5194
 9.91E+06 14.2801
 9.915E+06 13.9436
 9.92E+06 12.6906
 9.925E+06 12.6946
 9.93E+06 13.0409
 9.935E+06 11.1538
 9.94E+06 14.3394
 9.945E+06 12.968
 9.95E+06 11.2837
 9.955E+06 13.6605
 9.96E+06 11.8877
 9.965E+06 13.0483
 9.97E+06 12.0379
 9.975E+06 12.6302
 9.98E+06 12.7643
 9.985E+06 12.3869
 9.99E+06 11.4747
 9.995E+06 12.2074
 1E+07 12.6652
 1.0005E+07 12.0498
 1.001E+07 11.5077
 1.0015E+07 11.0736
 1.002E+07 11.8316
 1.0025E+07 12.2077
 1.003E+07 11.1567
 1.0035E+07 10.9781
 1.004E+07 11.1481
 1.0045E+07 11.0551
 1.005E+07 11.5977
 1.0055E+07 12.3293
 1.006E+07 10.6758
 1.0065E+07 12.8948
 1.007E+07 11.9771
 1.0075E+07 12.7283
 1.008E+07 12.8255
 1.0085E+07 11.3487
 1.009E+07 11.1114
 1.0095E+07 12.5786
 1.01E+07 10.9851
 1.0105E+07 12.4363
 1.011E+07 10.5939
 1.0115E+07 12.4123
 1.012E+07 12.3481
 1.0125E+07 10.7124
 1.013E+07 12.2676
 1.0135E+07 11.0614
 1.014E+07 12.4834
 1.0145E+07 11.8375
 1.015E+07 13.0195
 1.0155E+07 12.0197
 1.016E+07 12.009
 1.0165E+07 10.2455
 1.017E+07 10.5184
 1.0175E+07 11.7289
 1.018E+07 11.5237
 1.0185E+07 10.7441
 1.019E+07 11.7549
 1.0195E+07 11.0951
 1.02E+07 11.0951
 1.0205E+07 11.7252
 1.021E+07 11.7919
 1.0215E+07 12.0932
 1.022E+07 10.9771
 1.0225E+07 12.1792
 1.023E+07 11.3057
 1.0235E+07 10.7678
 1.024E+07 10.7886
 1.0245E+07 10.4075
 1.025E+07 11.9209
 1.0255E+07 11.379
 1.026E+07 11.7925
 1.0265E+07 12.8292
 1.027E+07 12.8223
 1.0275E+07 13.755
 1.028E+07 14.3956
 1.0285E+07 11.4107
 1.029E+07 11.9544
 1.0295E+07 11.2728
 1.03E+07 11.6004
 1.0305E+07 11.6165
 1.031E+07 10.7509
 1.0315E+07 11.8499
 1.032E+07 11.5881
 1.0325E+07 12.9721
 1.033E+07 11.1275
 1.0335E+07 11.6231
 1.034E+07 10.1241
 1.0345E+07 11.3227
 1.035E+07 10.1524
 1.0355E+07 10.3443
 1.036E+07 11.6614
 1.0365E+07 11.864
 1.037E+07 10.9596
 1.0375E+07 11.0129
 1.038E+07 10.7852
 1.0385E+07 11.255
 1.039E+07 11.3521
 1.0395E+07 10.6234
 1.04E+07 10.6976
 1.0405E+07 10.3486
 1.041E+07 10.4389
 1.0415E+07 10.9295
 1.042E+07 10.3524
 1.0425E+07 10.9616
 1.043E+07 10.8098
 1.0435E+07 11.0193
 1.044E+07 10.2094
 1.0445E+07 9.11514
 1.045E+07 11.5539
 1.0455E+07 11.8488
 1.046E+07 10.9589
 1.0465E+07 12.5884
 1.047E+07 11.1374
 1.0475E+07 11.5747
 1.048E+07 11.304
 1.0485E+07 11.6503
 1.049E+07 10.5651
 1.0495E+07 11.3234
 1.05E+07 10.9923
 1.0505E+07 10.2757
 1.051E+07 9.35986
 1.0515E+07 9.63545
 1.052E+07 11.6115
 1.0525E+07 10.243
 1.053E+07 10.5826
 1.0535E+07 10.7429
 1.054E+07 10.7883
 1.0545E+07 8.80123
 1.055E+07 9.85952
 1.0555E+07 10.4113
 1.056E+07 10.4571
